0,3;0,4;0,6;0,7;0,11;0,12;0,13;0,21;0,22;0,31;0,32;0,34;0,38;0,40;0,41;0,54;0,57;0,58;0,59;0,60;0,61;0,62;0,63;0,67;0,68;0,73;0,76;0,77;0,84;0,85;0,86;0,87;0,89;0,90;0,95;0,100;0,101;0,105;0,107;0,108;0,110;0,112;0,114;0,115;0,120;0,129;0,130;0,131;0,136;0,137;0,138;0,139;0,140;0,141;0,142;0,143;0,144;0,155;0,156;0,157;0,158;0,159;0,168;0,169;0,171;0,172;0,175;0,176;0,177;0,178;0,179;0,180;0,183;0,184;0,185;0,187;0,189;0,190;0,191;0,192;0,194;0,195;0,196;
1,2;1,8;1,10;1,14;1,17;1,23;1,25;1,27;1,28;1,31;1,32;1,35;1,37;1,42;1,43;1,47;1,48;1,53;1,54;1,67;1,69;1,70;1,71;1,72;1,73;1,74;1,75;1,76;1,77;1,78;1,80;1,81;1,89;1,90;1,92;1,94;1,98;1,105;1,110;1,115;1,123;1,129;1,130;1,131;1,135;1,139;1,143;1,144;1,155;1,156;1,159;1,160;1,163;1,167;1,171;1,173;1,187;1,194;1,195;1,196;
2,9;2,10;2,16;2,17;2,23;2,25;2,26;2,27;2,32;2,37;2,46;2,48;2,49;2,52;2,64;2,66;2,67;2,68;2,69;2,71;2,74;2,80;2,81;2,84;2,87;2,88;2,91;2,92;2,94;2,95;2,97;2,104;2,105;2,106;2,107;2,114;2,115;2,118;2,119;2,120;2,124;2,129;2,132;2,135;2,137;2,138;2,141;2,147;2,148;2,151;2,153;2,154;2,156;2,157;2,158;2,161;2,163;2,164;2,165;2,167;2,168;2,174;2,175;2,177;2,178;2,180;2,183;2,190;2,192;2,198;
3,3;3,5;3,10;3,25;3,27;3,28;3,29;3,30;3,31;3,32;3,35;3,37;3,38;3,39;3,43;3,48;3,50;3,51;3,54;3,55;3,63;3,64;3,66;3,69;3,71;3,79;3,82;3,92;3,97;3,101;3,102;3,105;3,110;3,111;3,112;3,113;3,117;3,120;3,124;3,131;3,132;3,135;3,137;3,141;3,145;3,147;3,148;3,150;3,157;3,159;3,161;3,162;3,164;3,167;3,173;3,177;3,179;3,180;3,183;3,184;3,186;3,187;3,188;3,189;3,190;3,192;3,194;3,198;
4,0;4,1;4,2;4,5;4,9;4,16;4,23;4,24;4,29;4,33;4,34;4,35;4,36;4,48;4,49;4,52;4,60;4,63;4,65;4,75;4,79;4,80;4,81;4,82;4,91;4,94;4,98;4,99;4,100;4,101;4,103;4,104;4,105;4,106;4,112;4,120;4,121;4,125;4,126;4,127;4,134;4,145;4,147;4,149;4,156;4,157;4,159;4,163;4,164;4,166;4,170;4,172;4,173;4,174;4,178;4,179;4,180;4,181;4,184;4,187;4,191;4,192;4,193;4,194;4,195;4,198;
5,3;5,5;5,6;5,7;5,17;5,18;5,19;5,23;5,29;5,30;5,34;5,40;5,41;5,48;5,50;5,51;5,52;5,53;5,54;5,55;5,62;5,63;5,65;5,73;5,76;5,77;5,78;5,87;5,89;5,90;5,97;5,102;5,103;5,105;5,107;5,108;5,110;5,112;5,113;5,114;5,115;5,116;5,118;5,119;5,120;5,121;5,128;5,129;5,131;5,132;5,134;5,139;5,141;5,144;5,147;5,150;5,157;5,159;5,160;5,161;5,162;5,164;5,166;5,168;5,169;5,172;5,173;5,176;5,178;5,180;5,182;5,183;5,188;5,189;5,190;5,191;5,192;5,194;5,195;5,196;5,198;
6,3;6,4;6,5;6,6;6,14;6,16;6,19;6,23;6,24;6,25;6,28;6,32;6,33;6,40;6,41;6,42;6,43;6,46;6,49;6,52;6,53;6,61;6,62;6,66;6,68;6,70;6,76;6,77;6,78;6,81;6,89;6,90;6,96;6,98;6,99;6,102;6,103;6,104;6,107;6,110;6,114;6,115;6,117;6,120;6,123;6,126;6,127;6,128;6,129;6,133;6,134;6,135;6,138;6,140;6,142;6,143;6,145;6,146;6,149;6,151;6,152;6,153;6,155;6,157;6,162;6,172;6,176;6,179;6,180;6,181;6,185;6,187;6,191;6,192;6,194;6,195;6,198;
7,0;7,1;7,2;7,3;7,4;7,14;7,15;7,17;7,18;7,21;7,23;7,30;7,31;7,32;7,33;7,34;7,40;7,41;7,42;7,43;7,44;7,45;7,46;7,47;7,52;7,56;7,58;7,59;7,60;7,61;7,63;7,64;7,65;7,66;7,67;7,68;7,70;7,72;7,73;7,76;7,77;7,78;7,86;7,87;7,89;7,90;7,91;7,96;7,97;7,100;7,101;7,102;7,105;7,106;7,107;7,108;7,118;7,119;7,120;7,121;7,123;7,125;7,131;7,133;7,134;7,135;7,136;7,137;7,141;7,142;7,143;7,144;7,149;7,153;7,155;7,159;7,160;7,167;7,168;7,170;7,184;7,185;7,191;7,192;7,199;
8,0;8,2;8,8;8,10;8,17;8,20;8,23;8,31;8,33;8,34;8,35;8,38;8,44;8,45;8,46;8,47;8,52;8,57;8,58;8,59;8,60;8,63;8,70;8,72;8,74;8,76;8,78;8,85;8,87;8,89;8,93;8,100;8,102;8,103;8,106;8,114;8,115;8,120;8,122;8,123;8,129;8,130;8,131;8,134;8,141;8,143;8,151;8,152;8,153;8,166;8,169;8,171;8,180;8,189;8,190;8,196;8,199;
9,0;9,2;9,8;9,14;9,19;9,21;9,31;9,32;9,33;9,37;9,41;9,47;9,48;9,49;9,51;9,52;9,54;9,57;9,60;9,61;9,65;9,70;9,72;9,79;9,80;9,83;9,88;9,92;9,93;9,94;9,96;9,100;9,102;9,106;9,112;9,113;9,114;9,119;9,120;9,122;9,128;9,133;9,134;9,135;9,136;9,137;9,138;9,139;9,143;9,148;9,149;9,150;9,153;9,157;9,166;9,171;9,172;9,173;9,180;9,182;9,183;9,184;9,185;9,186;9,187;9,191;9,192;9,196;9,197;9,198;9,199;
10,0;10,2;10,4;10,6;10,10;10,11;10,12;10,13;10,18;10,19;10,20;10,21;10,22;10,23;10,24;10,25;10,31;10,32;10,34;10,35;10,36;10,37;10,39;10,46;10,48;10,49;10,51;10,52;10,54;10,55;10,59;10,63;10,68;10,70;10,74;10,75;10,76;10,84;10,85;10,86;10,88;10,93;10,96;10,98;10,101;10,103;10,104;10,105;10,112;10,119;10,120;10,124;10,125;10,130;10,135;10,136;10,149;10,150;10,157;10,163;10,174;10,175;10,178;10,179;10,180;10,182;10,190;10,195;10,196;
11,0;11,2;11,4;11,5;11,6;11,10;11,11;11,18;11,19;11,20;11,21;11,22;11,23;11,24;11,25;11,29;11,30;11,31;11,32;11,35;11,38;11,45;11,46;11,49;11,51;11,52;11,53;11,55;11,59;11,62;11,63;11,67;11,70;11,74;11,75;11,80;11,82;11,89;11,93;11,94;11,95;11,96;11,99;11,101;11,102;11,108;11,109;11,111;11,113;11,114;11,117;11,120;11,121;11,125;11,132;11,136;11,138;11,139;11,140;11,141;11,142;11,143;11,147;11,148;11,150;11,157;11,159;11,160;11,163;11,166;11,183;11,184;11,185;11,189;11,190;11,192;11,197;11,199;
12,0;12,5;12,7;12,8;12,9;12,14;12,20;12,22;12,23;12,24;12,31;12,33;12,36;12,37;12,43;12,44;12,46;12,48;12,53;12,55;12,56;12,57;12,64;12,65;12,66;12,75;12,76;12,77;12,78;12,80;12,81;12,82;12,83;12,86;12,88;12,93;12,94;12,95;12,97;12,104;12,105;12,106;12,107;12,108;12,109;12,111;12,116;12,120;12,126;12,127;12,134;12,136;12,145;12,150;12,151;12,158;12,159;12,160;12,161;12,163;12,165;12,178;12,179;12,180;12,181;12,186;12,189;12,190;12,192;12,194;12,196;
13,14;13,19;13,22;13,23;13,24;13,27;13,28;13,31;13,34;13,35;13,36;13,44;13,45;13,46;13,50;13,51;13,52;13,53;13,54;13,55;13,57;13,58;13,61;13,63;13,64;13,68;13,69;13,73;13,74;13,76;13,93;13,94;13,95;13,96;13,99;13,120;13,121;13,122;13,127;13,128;13,130;13,131;13,134;13,136;13,142;13,143;13,144;13,145;13,146;13,156;13,157;13,162;13,163;13,165;13,168;13,170;13,178;13,183;13,185;13,189;13,190;13,193;13,196;13,198;13,199;
14,6;14,7;14,11;14,12;14,14;14,18;14,19;14,24;14,28;14,35;14,38;14,40;14,43;14,44;14,45;14,48;14,50;14,51;14,53;14,55;14,56;14,58;14,59;14,60;14,63;14,71;14,72;14,75;14,76;14,81;14,90;14,94;14,96;14,97;14,98;14,99;14,106;14,107;14,108;14,116;14,122;14,129;14,133;14,134;14,135;14,136;14,143;14,147;14,155;14,156;14,158;14,159;14,160;14,161;14,163;14,165;14,166;14,167;14,171;14,172;14,174;14,178;14,182;14,183;14,185;14,188;14,193;14,194;14,196;14,198;14,199;
15,1;15,8;15,14;15,16;15,19;15,24;15,25;15,26;15,28;15,30;15,33;15,34;15,35;15,37;15,41;15,42;15,43;15,44;15,48;15,53;15,54;15,55;15,57;15,60;15,61;15,62;15,63;15,64;15,71;15,72;15,91;15,93;15,100;15,101;15,102;15,103;15,104;15,105;15,108;15,110;15,111;15,116;15,117;15,118;15,120;15,129;15,142;15,143;15,145;15,146;15,153;15,157;15,161;15,162;15,163;15,168;15,170;15,171;15,173;15,175;15,178;15,180;15,181;15,182;15,186;15,187;15,188;15,189;15,190;15,193;15,194;15,196;15,198;15,199;
16,3;16,5;16,6;16,10;16,11;16,16;16,17;16,19;16,24;16,25;16,28;16,34;16,35;16,37;16,42;16,46;16,49;16,53;16,54;16,59;16,60;16,62;16,63;16,65;16,89;16,91;16,92;16,93;16,99;16,101;16,102;16,103;16,104;16,106;16,107;16,108;16,109;16,117;16,119;16,121;16,129;16,134;16,135;16,136;16,139;16,140;16,143;16,145;16,147;16,150;16,156;16,157;16,170;16,174;16,176;16,178;16,180;16,181;16,182;16,183;16,184;16,190;16,191;16,195;16,196;16,198;16,199;
17,8;17,10;17,12;17,14;17,17;17,22;17,24;17,26;17,36;17,40;17,41;17,44;17,46;17,47;17,48;17,57;17,61;17,62;17,64;17,66;17,74;17,87;17,98;17,100;17,101;17,106;17,113;17,114;17,115;17,116;17,117;17,125;17,129;17,132;17,133;17,134;17,135;17,136;17,138;17,139;17,144;17,146;17,170;17,173;17,178;17,179;17,180;17,181;17,186;17,187;17,188;17,190;17,194;17,199;
18,3;18,4;18,5;18,8;18,12;18,15;18,16;18,22;18,24;18,26;18,33;18,35;18,37;18,40;18,43;18,45;18,50;18,51;18,56;18,58;18,62;18,63;18,68;18,70;18,72;18,74;18,79;18,81;18,85;18,86;18,87;18,91;18,92;18,98;18,102;18,106;18,108;18,109;18,113;18,114;18,115;18,116;18,117;18,118;18,119;18,121;18,123;18,124;18,125;18,132;18,135;18,137;18,138;18,143;18,145;18,150;18,153;18,154;18,155;18,157;18,165;18,166;18,167;18,169;18,173;18,177;18,178;18,179;18,180;18,181;18,190;18,196;18,197;18,199;
19,4;19,9;19,11;19,13;19,14;19,15;19,16;19,17;19,18;19,19;19,23;19,26;19,37;19,42;19,43;19,56;19,58;19,63;19,72;19,73;19,76;19,81;19,85;19,87;19,88;19,89;19,90;19,100;19,106;19,107;19,109;19,111;19,118;19,125;19,133;19,135;19,137;19,146;19,148;19,150;19,152;19,155;19,157;19,158;19,166;19,167;19,168;19,169;19,173;19,176;19,178;19,186;19,199;
20,5;20,6;20,8;20,9;20,13;20,15;20,16;20,19;20,22;20,23;20,24;20,25;20,28;20,29;20,30;20,31;20,40;20,52;20,53;20,55;20,56;20,57;20,58;20,64;20,73;20,74;20,75;20,78;20,79;20,80;20,82;20,85;20,90;20,91;20,97;20,100;20,101;20,110;20,111;20,113;20,114;20,115;20,125;20,131;20,132;20,133;20,134;20,137;20,140;20,141;20,146;20,148;20,153;20,155;20,157;20,158;20,160;20,161;20,162;20,167;20,170;20,171;20,172;20,176;20,184;20,186;20,196;20,199;
21,1;21,3;21,5;21,6;21,13;21,15;21,16;21,18;21,21;21,27;21,32;21,39;21,40;21,41;21,42;21,50;21,51;21,52;21,53;21,54;21,59;21,61;21,65;21,69;21,70;21,71;21,74;21,80;21,82;21,85;21,97;21,106;21,118;21,127;21,132;21,141;21,146;21,147;21,152;21,158;21,159;21,161;21,162;21,166;21,172;21,184;21,186;21,189;21,190;21,194;21,196;21,198;
22,0;22,4;22,5;22,7;22,9;22,12;22,16;22,17;22,21;22,23;22,24;22,26;22,29;22,31;22,33;22,34;22,39;22,43;22,47;22,48;22,49;22,50;22,54;22,56;22,57;22,62;22,67;22,68;22,74;22,78;22,79;22,80;22,85;22,96;22,97;22,98;22,99;22,102;22,119;22,121;22,124;22,125;22,127;22,129;22,131;22,136;22,142;22,144;22,146;22,150;22,153;22,154;22,157;22,158;22,160;22,162;22,164;22,166;22,174;22,184;22,192;
23,3;23,4;23,7;23,9;23,11;23,12;23,16;23,23;23,27;23,31;23,37;23,41;23,56;23,63;23,66;23,75;23,76;23,77;23,84;23,87;23,88;23,97;23,103;23,105;23,107;23,108;23,121;23,124;23,127;23,128;23,131;23,132;23,137;23,142;23,145;23,146;23,148;23,152;23,160;23,161;23,164;23,166;23,174;23,178;23,179;23,182;23,184;23,188;23,192;
24,12;24,15;24,19;24,20;24,21;24,27;24,28;24,31;24,32;24,37;24,38;24,41;24,43;24,45;24,47;24,51;24,52;24,57;24,58;24,59;24,61;24,63;24,65;24,70;24,71;24,76;24,77;24,78;24,84;24,87;24,89;24,91;24,95;24,96;24,99;24,100;24,102;24,103;24,106;24,108;24,109;24,110;24,114;24,115;24,116;24,118;24,120;24,121;24,125;24,126;24,131;24,132;24,134;24,135;24,142;24,146;24,147;24,151;24,153;24,160;24,161;24,162;24,164;24,166;24,170;24,171;24,172;24,176;24,188;24,192;24,193;24,198;
25,7;25,8;25,10;25,12;25,19;25,20;25,23;25,24;25,31;25,32;25,43;25,49;25,57;25,59;25,63;25,68;25,69;25,71;25,83;25,86;25,87;25,88;25,91;25,93;25,95;25,96;25,98;25,99;25,103;25,104;25,106;25,108;25,109;25,114;25,118;25,126;25,127;25,128;25,134;25,135;25,137;25,140;25,141;25,156;25,160;25,161;25,164;25,165;25,166;25,168;25,170;25,171;25,172;25,173;25,174;25,175;25,179;25,183;25,188;25,192;25,195;25,196;25,197;25,199;
26,5;26,6;26,7;26,8;26,9;26,10;26,16;26,25;26,27;26,28;26,29;26,30;26,44;26,45;26,49;26,57;26,58;26,65;26,67;26,69;26,78;26,79;26,80;26,81;26,86;26,89;26,91;26,94;26,98;26,100;26,104;26,107;26,110;26,111;26,115;26,116;26,119;26,120;26,121;26,126;26,130;26,131;26,132;26,133;26,134;26,137;26,139;26,140;26,154;26,155;26,157;26,160;26,161;26,163;26,164;26,170;26,174;26,175;26,176;26,178;26,181;26,183;26,188;26,189;26,190;26,192;26,194;26,196;26,197;26,199;
27,0;27,4;27,5;27,6;27,11;27,12;27,16;27,17;27,18;27,19;27,20;27,21;27,25;27,34;27,35;27,42;27,44;27,47;27,48;27,50;27,51;27,56;27,57;27,58;27,61;27,67;27,78;27,79;27,81;27,82;27,83;27,86;27,87;27,89;27,99;27,102;27,103;27,107;27,114;27,115;27,116;27,117;27,119;27,122;27,123;27,124;27,125;27,126;27,128;27,129;27,131;27,132;27,135;27,139;27,140;27,148;27,159;27,161;27,169;27,170;27,171;27,172;27,173;27,174;27,175;27,176;27,178;27,179;27,183;27,188;27,190;27,191;27,197;27,199;
28,8;28,10;28,11;28,14;28,24;28,28;28,29;28,30;28,31;28,33;28,40;28,43;28,45;28,46;28,48;28,52;28,55;28,61;28,62;28,64;28,66;28,69;28,71;28,79;28,81;28,83;28,89;28,90;28,91;28,92;28,93;28,108;28,109;28,111;28,113;28,116;28,118;28,122;28,124;28,126;28,130;28,136;28,138;28,141;28,142;28,143;28,144;28,148;28,150;28,154;28,155;28,156;28,158;28,159;28,161;28,163;28,171;28,172;28,173;28,175;28,176;28,177;28,178;28,179;28,185;28,191;28,195;28,198;28,199;
29,0;29,3;29,13;29,17;29,18;29,19;29,23;29,24;29,29;29,30;29,37;29,38;29,42;29,44;29,51;29,52;29,53;29,60;29,65;29,68;29,70;29,71;29,73;29,78;29,81;29,83;29,87;29,88;29,93;29,95;29,103;29,108;29,110;29,114;29,116;29,118;29,119;29,120;29,121;29,128;29,132;29,133;29,136;29,138;29,140;29,142;29,144;29,149;29,150;29,159;29,161;29,163;29,168;29,169;29,170;29,175;29,177;29,179;29,180;29,183;29,186;29,187;29,191;29,195;29,198;
30,3;30,9;30,10;30,12;30,15;30,22;30,23;30,34;30,35;30,36;30,51;30,53;30,59;30,60;30,62;30,68;30,69;30,75;30,78;30,80;30,83;30,85;30,86;30,89;30,90;30,91;30,92;30,93;30,100;30,101;30,105;30,107;30,108;30,110;30,112;30,118;30,135;30,136;30,140;30,143;30,144;30,150;30,157;30,161;30,162;30,163;30,165;30,167;30,169;30,170;30,172;30,173;30,175;30,178;30,180;30,187;30,188;30,189;30,191;30,193;30,194;30,195;30,197;30,199;
31,2;31,3;31,4;31,10;31,12;31,14;31,15;31,17;31,18;31,19;31,20;31,21;31,23;31,25;31,27;31,31;31,32;31,33;31,34;31,38;31,47;31,51;31,59;31,63;31,67;31,71;31,72;31,75;31,76;31,77;31,80;31,84;31,85;31,87;31,92;31,94;31,98;31,99;31,100;31,102;31,103;31,107;31,108;31,114;31,117;31,121;31,122;31,131;31,132;31,133;31,134;31,139;31,140;31,149;31,160;31,166;31,169;31,175;31,181;31,182;31,187;31,193;31,196;31,197;31,199;
32,0;32,2;32,3;32,10;32,12;32,17;32,28;32,39;32,41;32,47;32,60;32,61;32,68;32,69;32,73;32,75;32,76;32,80;32,81;32,83;32,84;32,85;32,87;32,88;32,89;32,90;32,91;32,94;32,95;32,96;32,97;32,98;32,102;32,103;32,109;32,110;32,112;32,114;32,129;32,130;32,131;32,135;32,140;32,149;32,150;32,155;32,156;32,159;32,160;32,162;32,163;32,168;32,169;32,184;32,191;32,192;32,193;32,194;32,197;32,199;
33,1;33,2;33,3;33,9;33,10;33,15;33,19;33,20;33,34;33,35;33,36;33,37;33,38;33,39;33,40;33,41;33,42;33,43;33,44;33,45;33,46;33,48;33,50;33,52;33,60;33,63;33,71;33,80;33,81;33,105;33,106;33,107;33,110;33,114;33,115;33,117;33,122;33,123;33,124;33,130;33,135;33,140;33,141;33,142;33,149;33,150;33,153;33,157;33,158;33,163;33,164;33,167;33,173;33,175;33,176;33,184;33,196;33,199;
34,0;34,8;34,9;34,10;34,13;34,15;34,20;34,25;34,27;34,28;34,29;34,38;34,39;34,44;34,48;34,50;34,53;34,63;34,64;34,66;34,67;34,68;34,69;34,73;34,76;34,77;34,78;34,79;34,80;34,81;34,82;34,87;34,96;34,97;34,100;34,108;34,111;34,112;34,116;34,118;34,119;34,121;34,126;34,135;34,140;34,141;34,142;34,145;34,151;34,153;34,155;34,156;34,157;34,161;34,163;34,165;34,167;34,169;34,171;34,173;34,182;34,191;34,192;34,194;34,196;34,198;
35,0;35,4;35,5;35,6;35,7;35,9;35,10;35,14;35,15;35,30;35,34;35,35;35,36;35,37;35,39;35,42;35,43;35,45;35,46;35,47;35,48;35,54;35,62;35,63;35,64;35,65;35,66;35,67;35,78;35,79;35,86;35,94;35,101;35,102;35,109;35,110;35,111;35,114;35,116;35,117;35,118;35,119;35,120;35,121;35,133;35,140;35,141;35,143;35,146;35,147;35,151;35,152;35,153;35,155;35,156;35,159;35,161;35,163;35,164;35,165;35,169;35,170;35,177;35,181;35,182;35,184;35,186;35,187;35,191;35,192;35,194;35,198;35,199;
36,0;36,7;36,9;36,14;36,16;36,27;36,29;36,39;36,41;36,42;36,43;36,44;36,46;36,49;36,51;36,52;36,53;36,67;36,69;36,73;36,84;36,85;36,86;36,88;36,89;36,90;36,92;36,93;36,94;36,97;36,100;36,102;36,106;36,112;36,114;36,121;36,128;36,134;36,136;36,138;36,141;36,146;36,147;36,148;36,154;36,155;36,157;36,158;36,160;36,161;36,162;36,166;36,169;36,172;36,176;36,178;36,181;36,182;36,184;36,185;36,187;36,199;
37,0;37,2;37,5;37,7;37,9;37,14;37,15;37,16;37,29;37,33;37,34;37,35;37,37;37,44;37,45;37,52;37,53;37,62;37,63;37,64;37,65;37,70;37,72;37,77;37,78;37,85;37,89;37,90;37,94;37,102;37,104;37,106;37,108;37,110;37,116;37,121;37,128;37,129;37,130;37,131;37,132;37,133;37,134;37,137;37,139;37,149;37,151;37,152;37,154;37,157;37,158;37,159;37,163;37,166;37,167;37,170;37,171;37,173;37,176;37,181;37,182;37,189;37,190;37,192;37,193;37,198;37,199;
38,0;38,1;38,2;38,4;38,6;38,8;38,11;38,14;38,15;38,19;38,23;38,24;38,26;38,27;38,35;38,37;38,38;38,39;38,41;38,42;38,43;38,44;38,45;38,46;38,47;38,49;38,50;38,53;38,54;38,55;38,56;38,68;38,69;38,73;38,74;38,77;38,79;38,81;38,82;38,83;38,86;38,88;38,89;38,104;38,106;38,107;38,109;38,114;38,120;38,122;38,123;38,127;38,131;38,133;38,134;38,136;38,145;38,149;38,150;38,158;38,163;38,170;38,179;38,183;38,185;38,186;38,187;38,189;38,190;38,193;38,198;38,199;
39,0;39,1;39,3;39,4;39,9;39,11;39,12;39,13;39,14;39,22;39,23;39,29;39,31;39,32;39,34;39,35;39,37;39,38;39,40;39,43;39,46;39,47;39,49;39,50;39,57;39,58;39,64;39,68;39,72;39,73;39,74;39,77;39,81;39,82;39,84;39,86;39,87;39,88;39,89;39,91;39,95;39,96;39,99;39,101;39,103;39,104;39,110;39,114;39,119;39,120;39,121;39,122;39,126;39,128;39,132;39,134;39,135;39,137;39,138;39,143;39,145;39,146;39,148;39,150;39,154;39,155;39,163;39,165;39,166;39,168;39,170;39,171;39,174;39,175;39,179;39,183;39,184;39,185;39,186;39,190;39,197;39,198;
40,3;40,4;40,9;40,13;40,14;40,15;40,17;40,18;40,22;40,27;40,28;40,29;40,35;40,38;40,39;40,40;40,41;40,42;40,45;40,48;40,49;40,50;40,54;40,55;40,56;40,59;40,65;40,66;40,67;40,68;40,69;40,70;40,71;40,73;40,82;40,86;40,91;40,92;40,94;40,95;40,96;40,97;40,99;40,101;40,104;40,106;40,107;40,108;40,110;40,111;40,113;40,114;40,119;40,121;40,125;40,126;40,128;40,131;40,132;40,134;40,135;40,139;40,140;40,141;40,142;40,143;40,144;40,147;40,156;40,158;40,160;40,163;40,164;40,165;40,166;40,170;40,171;40,175;40,183;40,190;40,191;40,193;40,197;40,198;
41,0;41,1;41,9;41,15;41,17;41,20;41,22;41,23;41,24;41,25;41,28;41,29;41,31;41,39;41,40;41,45;41,46;41,47;41,49;41,50;41,53;41,54;41,55;41,56;41,57;41,59;41,64;41,65;41,68;41,69;41,71;41,73;41,74;41,81;41,84;41,89;41,90;41,91;41,92;41,93;41,94;41,97;41,98;41,99;41,101;41,105;41,106;41,107;41,108;41,109;41,111;41,112;41,124;41,125;41,126;41,129;41,132;41,136;41,140;41,141;41,148;41,149;41,151;41,153;41,155;41,156;41,158;41,159;41,161;41,163;41,164;41,169;41,170;41,172;41,178;41,179;41,183;41,186;41,197;41,198;
42,0;42,1;42,3;42,5;42,7;42,9;42,10;42,15;42,19;42,20;42,21;42,22;42,29;42,30;42,32;42,33;42,34;42,41;42,47;42,49;42,50;42,51;42,52;42,54;42,55;42,56;42,61;42,62;42,64;42,65;42,67;42,69;42,71;42,74;42,75;42,76;42,83;42,84;42,92;42,96;42,97;42,100;42,111;42,112;42,123;42,124;42,128;42,137;42,144;42,145;42,146;42,154;42,156;42,157;42,163;42,164;42,170;42,171;42,179;42,180;42,181;42,187;42,188;42,190;42,193;
43,0;43,1;43,2;43,3;43,5;43,6;43,8;43,10;43,16;43,19;43,20;43,21;43,22;43,27;43,28;43,41;43,45;43,49;43,60;43,62;43,64;43,65;43,69;43,72;43,81;43,85;43,89;43,90;43,92;43,99;43,108;43,111;43,112;43,113;43,117;43,120;43,125;43,127;43,128;43,129;43,136;43,139;43,140;43,142;43,143;43,146;43,150;43,151;43,152;43,161;43,162;43,170;43,174;43,175;43,181;43,187;43,189;43,199;
44,0;44,6;44,7;44,8;44,9;44,10;44,14;44,19;44,27;44,31;44,32;44,34;44,36;44,39;44,40;44,49;44,50;44,62;44,63;44,64;44,65;44,70;44,73;44,77;44,78;44,83;44,84;44,86;44,87;44,88;44,89;44,90;44,91;44,92;44,97;44,101;44,105;44,106;44,108;44,113;44,116;44,117;44,121;44,122;44,123;44,124;44,125;44,130;44,139;44,140;44,149;44,155;44,158;44,159;44,160;44,162;44,164;44,165;44,169;44,172;44,173;44,174;44,176;44,177;44,181;44,186;44,187;44,189;44,197;
45,0;45,3;45,5;45,10;45,11;45,12;45,13;45,23;45,27;45,33;45,34;45,35;45,39;45,40;45,45;45,46;45,49;45,54;45,60;45,62;45,66;45,71;45,72;45,80;45,81;45,87;45,91;45,106;45,109;45,111;45,112;45,114;45,116;45,128;45,135;45,138;45,139;45,147;45,149;45,151;45,155;45,160;45,161;45,164;45,165;45,167;45,174;45,176;45,177;45,181;45,186;45,187;45,189;45,194;45,199;
46,0;46,3;46,5;46,6;46,13;46,15;46,16;46,23;46,27;46,28;46,30;46,32;46,37;46,45;46,48;46,53;46,56;46,66;46,71;46,73;46,78;46,79;46,80;46,81;46,83;46,84;46,86;46,94;46,106;46,109;46,111;46,114;46,116;46,118;46,119;46,121;46,122;46,123;46,126;46,137;46,138;46,139;46,140;46,141;46,144;46,147;46,148;46,149;46,151;46,152;46,155;46,158;46,164;46,165;46,166;46,167;46,169;46,170;46,172;46,173;46,176;46,178;46,179;46,180;46,183;46,184;46,186;46,187;46,192;46,194;46,199;
47,0;47,1;47,5;47,6;47,10;47,14;47,15;47,17;47,18;47,23;47,27;47,28;47,31;47,33;47,35;47,36;47,37;47,38;47,39;47,40;47,43;47,44;47,47;47,48;47,49;47,53;47,55;47,59;47,65;47,67;47,69;47,71;47,76;47,77;47,78;47,83;47,85;47,87;47,90;47,91;47,95;47,109;47,111;47,112;47,113;47,114;47,116;47,117;47,120;47,125;47,128;47,130;47,132;47,136;47,137;47,149;47,157;47,165;47,168;47,171;47,176;47,178;47,181;47,186;47,191;47,192;47,195;47,197;47,199;
48,6;48,14;48,17;48,19;48,20;48,24;48,26;48,27;48,28;48,31;48,33;48,35;48,40;48,47;48,48;48,49;48,59;48,60;48,63;48,69;48,71;48,75;48,81;48,82;48,83;48,84;48,86;48,96;48,97;48,108;48,109;48,111;48,113;48,116;48,124;48,138;48,139;48,153;48,169;48,170;48,171;48,176;48,181;48,186;48,191;48,192;48,194;48,195;48,197;
49,0;49,2;49,6;49,12;49,16;49,17;49,19;49,20;49,21;49,25;49,30;49,33;49,35;49,37;49,39;49,48;49,49;49,61;49,64;49,67;49,72;49,74;49,75;49,78;49,85;49,97;49,100;49,102;49,108;49,111;49,116;49,129;49,130;49,131;49,133;49,135;49,139;49,146;49,147;49,148;49,149;49,154;49,155;49,159;49,160;49,164;49,165;49,166;49,169;49,171;49,178;49,191;49,194;49,195;
50,1;50,6;50,13;50,17;50,18;50,19;50,21;50,27;50,29;50,30;50,31;50,33;50,37;50,39;50,44;50,48;50,50;50,51;50,54;50,59;50,66;50,68;50,69;50,70;50,74;50,78;50,82;50,90;50,91;50,95;50,96;50,97;50,99;50,100;50,103;50,104;50,106;50,111;50,114;50,122;50,126;50,130;50,131;50,138;50,146;50,147;50,149;50,154;50,155;50,158;50,159;50,160;50,163;50,168;50,171;50,172;50,173;50,177;50,179;50,181;50,184;50,187;50,192;50,196;50,197;50,198;
51,0;51,2;51,6;51,16;51,27;51,30;51,31;51,39;51,42;51,45;51,46;51,54;51,59;51,64;51,70;51,71;51,72;51,78;51,84;51,85;51,86;51,90;51,91;51,93;51,95;51,96;51,97;51,101;51,106;51,107;51,111;51,113;51,114;51,119;51,121;51,123;51,124;51,125;51,127;51,128;51,131;51,133;51,135;51,138;51,139;51,140;51,141;51,142;51,145;51,148;51,150;51,151;51,152;51,156;51,157;51,160;51,162;51,163;51,171;51,172;51,173;51,174;51,181;51,185;51,192;51,197;
52,1;52,5;52,11;52,13;52,14;52,15;52,26;52,29;52,31;52,32;52,35;52,42;52,47;52,51;52,54;52,55;52,56;52,59;52,70;52,71;52,72;52,73;52,74;52,75;52,76;52,78;52,80;52,82;52,89;52,99;52,100;52,101;52,110;52,114;52,118;52,125;52,127;52,128;52,131;52,135;52,137;52,140;52,141;52,143;52,144;52,147;52,148;52,154;52,158;52,162;52,168;52,169;52,171;52,172;52,175;52,184;52,185;52,186;52,187;52,188;
53,0;53,1;53,5;53,8;53,9;53,11;53,13;53,14;53,15;53,17;53,19;53,26;53,40;53,41;53,45;53,53;53,58;53,63;53,67;53,68;53,69;53,72;53,73;53,74;53,75;53,78;53,79;53,84;53,85;53,88;53,89;53,90;53,91;53,97;53,108;53,109;53,117;53,118;53,119;53,122;53,124;53,126;53,128;53,129;53,130;53,135;53,141;53,149;53,151;53,152;53,160;53,162;53,163;53,167;53,179;53,180;53,181;53,183;53,184;53,185;53,188;53,189;53,191;53,194;53,195;
54,0;54,3;54,4;54,6;54,11;54,12;54,18;54,19;54,20;54,22;54,23;54,27;54,28;54,29;54,32;54,33;54,41;54,42;54,43;54,44;54,45;54,46;54,47;54,48;54,54;54,63;54,73;54,74;54,81;54,82;54,88;54,96;54,97;54,107;54,108;54,109;54,110;54,112;54,113;54,117;54,118;54,122;54,124;54,127;54,130;54,133;54,134;54,137;54,139;54,140;54,141;54,151;54,152;54,155;54,157;54,159;54,160;54,168;54,169;54,170;54,171;54,173;54,176;54,180;54,181;54,184;54,185;54,187;54,195;
55,0;55,6;55,7;55,8;55,9;55,12;55,23;55,26;55,31;55,32;55,33;55,38;55,39;55,40;55,44;55,49;55,50;55,58;55,60;55,61;55,62;55,63;55,64;55,65;55,68;55,70;55,71;55,73;55,77;55,78;55,79;55,80;55,82;55,85;55,87;55,89;55,90;55,91;55,103;55,106;55,110;55,114;55,116;55,120;55,122;55,124;55,126;55,131;55,135;55,137;55,140;55,141;55,153;55,154;55,155;55,157;55,160;55,168;55,169;55,170;55,172;55,173;55,179;55,184;55,185;55,186;55,187;55,188;55,189;55,190;
56,6;56,7;56,11;56,12;56,15;56,16;56,25;56,26;56,27;56,29;56,33;56,34;56,37;56,39;56,42;56,43;56,44;56,45;56,49;56,50;56,59;56,63;56,73;56,74;56,75;56,76;56,80;56,82;56,93;56,96;56,98;56,107;56,111;56,117;56,118;56,120;56,125;56,136;56,140;56,144;56,146;56,153;56,155;56,156;56,157;56,158;56,163;56,168;56,169;56,171;56,174;56,175;56,176;56,178;56,182;56,183;56,184;56,190;56,191;56,193;56,197;56,198;
57,0;57,3;57,12;57,14;57,19;57,21;57,27;57,36;57,38;57,44;57,46;57,55;57,56;57,58;57,63;57,65;57,70;57,71;57,75;57,76;57,80;57,84;57,85;57,88;57,89;57,90;57,95;57,98;57,99;57,102;57,103;57,104;57,106;57,108;57,115;57,120;57,121;57,122;57,123;57,124;57,125;57,130;57,134;57,143;57,145;57,146;57,152;57,153;57,155;57,156;57,158;57,163;57,166;57,167;57,171;57,174;57,175;57,177;57,178;57,180;57,182;57,183;57,187;57,193;57,195;57,198;
58,0;58,3;58,5;58,7;58,12;58,14;58,15;58,25;58,26;58,27;58,28;58,36;58,37;58,46;58,57;58,59;58,63;58,65;58,67;58,77;58,80;58,84;58,95;58,98;58,100;58,103;58,106;58,108;58,109;58,110;58,111;58,115;58,116;58,120;58,121;58,122;58,126;58,129;58,131;58,134;58,137;58,138;58,139;58,145;58,146;58,147;58,152;58,153;58,154;58,155;58,157;58,158;58,160;58,161;58,162;58,166;58,171;58,177;58,182;58,190;58,191;58,193;58,195;
59,0;59,2;59,3;59,7;59,12;59,17;59,18;59,22;59,23;59,33;59,35;59,57;59,59;59,63;59,67;59,68;59,69;59,70;59,71;59,77;59,86;59,95;59,96;59,97;59,98;59,99;59,102;59,104;59,106;59,109;59,110;59,111;59,113;59,117;59,118;59,120;59,121;59,122;59,123;59,127;59,130;59,131;59,132;59,133;59,142;59,145;59,148;59,157;59,161;59,162;59,163;59,165;59,169;59,172;59,176;59,177;59,187;59,188;59,190;59,191;59,192;59,198;
60,12;60,20;60,21;60,22;60,24;60,25;60,26;60,33;60,39;60,41;60,42;60,47;60,57;60,59;60,61;60,64;60,65;60,66;60,67;60,72;60,76;60,77;60,79;60,80;60,90;60,95;60,96;60,97;60,100;60,102;60,104;60,106;60,108;60,109;60,110;60,113;60,118;60,119;60,120;60,122;60,123;60,126;60,130;60,132;60,133;60,136;60,142;60,143;60,147;60,148;60,152;60,153;60,154;60,157;60,163;60,165;60,166;60,168;60,169;60,171;60,172;60,173;60,178;60,184;60,187;60,190;60,191;60,193;60,194;60,199;
61,1;61,4;61,9;61,10;61,11;61,16;61,17;61,20;61,22;61,24;61,26;61,34;61,36;61,38;61,41;61,42;61,44;61,55;61,56;61,57;61,61;61,62;61,64;61,67;61,68;61,69;61,96;61,97;61,98;61,100;61,101;61,110;61,113;61,116;61,124;61,132;61,133;61,134;61,135;61,139;61,146;61,152;61,156;61,157;61,161;61,163;61,178;61,181;61,182;61,183;61,185;61,187;61,188;61,189;61,190;61,191;61,194;61,199;
62,1;62,5;62,9;62,10;62,11;62,12;62,14;62,15;62,19;62,20;62,22;62,25;62,26;62,31;62,37;62,42;62,44;62,46;62,48;62,49;62,52;62,53;62,54;62,55;62,56;62,65;62,66;62,74;62,75;62,76;62,88;62,89;62,90;62,95;62,97;62,98;62,99;62,100;62,101;62,105;62,106;62,124;62,125;62,136;62,137;62,139;62,140;62,141;62,142;62,143;62,144;62,155;62,156;62,161;62,163;62,164;62,165;62,168;62,171;62,172;62,181;62,182;62,183;62,184;62,185;62,186;62,188;62,192;62,199;
63,3;63,5;63,6;63,12;63,14;63,15;63,17;63,18;63,21;63,22;63,24;63,28;63,29;63,35;63,36;63,41;63,42;63,48;63,53;63,55;63,56;63,67;63,69;63,70;63,72;63,74;63,76;63,95;63,96;63,97;63,99;63,100;63,103;63,106;63,111;63,113;63,116;63,124;63,126;63,127;63,128;63,129;63,130;63,133;63,134;63,135;63,136;63,138;63,145;63,146;63,152;63,157;63,158;63,162;63,167;63,168;63,169;63,170;63,174;63,181;63,185;63,190;63,191;63,195;63,196;
64,1;64,8;64,10;64,21;64,22;64,24;64,25;64,31;64,32;64,33;64,35;64,36;64,42;64,43;64,44;64,45;64,46;64,48;64,49;64,65;64,77;64,84;64,88;64,90;64,92;64,96;64,99;64,100;64,111;64,112;64,113;64,114;64,121;64,122;64,128;64,129;64,132;64,136;64,140;64,141;64,146;64,147;64,150;64,152;64,153;64,154;64,155;64,156;64,157;64,158;64,160;64,161;64,163;64,164;64,165;64,169;64,170;64,171;64,174;64,175;64,176;64,178;64,179;64,180;64,181;64,182;64,183;64,184;64,185;64,190;
65,1;65,2;65,3;65,5;65,6;65,8;65,13;65,16;65,20;65,23;65,24;65,26;65,33;65,36;65,41;65,42;65,43;65,44;65,47;65,48;65,49;65,58;65,61;65,62;65,64;65,65;65,71;65,72;65,79;65,81;65,82;65,84;65,86;65,87;65,91;65,92;65,94;65,95;65,99;65,108;65,110;65,113;65,115;65,116;65,128;65,129;65,132;65,135;65,136;65,141;65,145;65,146;65,148;65,149;65,150;65,151;65,154;65,158;65,162;65,166;65,167;65,171;65,176;65,186;65,191;
66,1;66,2;66,3;66,5;66,10;66,12;66,17;66,19;66,20;66,22;66,23;66,30;66,33;66,40;66,47;66,50;66,51;66,52;66,59;66,60;66,74;66,83;66,84;66,95;66,99;66,100;66,103;66,109;66,110;66,112;66,116;66,117;66,118;66,119;66,126;66,127;66,133;66,134;66,137;66,142;66,143;66,144;66,145;66,146;66,147;66,150;66,151;66,155;66,156;66,157;66,158;66,159;66,160;66,165;66,169;66,174;66,175;66,182;66,185;66,186;66,194;66,195;
67,9;67,11;67,16;67,17;67,22;67,25;67,27;67,30;67,31;67,32;67,35;67,36;67,42;67,43;67,44;67,46;67,50;67,51;67,53;67,54;67,56;67,59;67,60;67,66;67,69;67,70;67,71;67,72;67,74;67,75;67,80;67,81;67,84;67,90;67,92;67,93;67,95;67,97;67,100;67,102;67,105;67,109;67,110;67,112;67,113;67,118;67,121;67,125;67,132;67,133;67,134;67,137;67,138;67,142;67,143;67,146;67,147;67,148;67,155;67,156;67,162;67,163;67,168;67,169;67,175;67,180;67,182;67,187;67,189;67,195;
68,0;68,1;68,4;68,6;68,7;68,9;68,10;68,12;68,20;68,22;68,24;68,26;68,30;68,31;68,32;68,35;68,36;68,37;68,39;68,41;68,44;68,47;68,51;68,52;68,54;68,55;68,67;68,72;68,74;68,75;68,78;68,79;68,82;68,84;68,85;68,87;68,88;68,94;68,97;68,100;68,103;68,104;68,106;68,108;68,109;68,110;68,119;68,120;68,142;68,143;68,145;68,149;68,150;68,152;68,156;68,157;68,159;68,167;68,168;68,169;68,171;68,172;68,175;68,181;68,183;68,187;68,196;
69,0;69,1;69,12;69,13;69,14;69,17;69,18;69,22;69,25;69,31;69,34;69,47;69,51;69,52;69,54;69,55;69,57;69,58;69,61;69,67;69,68;69,70;69,72;69,74;69,75;69,82;69,86;69,87;69,92;69,93;69,97;69,99;69,100;69,105;69,106;69,109;69,113;69,116;69,117;69,118;69,119;69,120;69,121;69,124;69,127;69,128;69,134;69,135;69,139;69,143;69,144;69,147;69,148;69,150;69,152;69,153;69,159;69,163;69,166;69,167;69,169;69,170;69,171;69,172;69,173;69,175;69,177;69,181;69,183;69,187;69,188;69,194;69,195;69,197;69,198;69,199;
70,2;70,3;70,7;70,10;70,12;70,14;70,17;70,23;70,25;70,29;70,41;70,44;70,45;70,52;70,53;70,54;70,56;70,61;70,62;70,65;70,67;70,74;70,75;70,77;70,82;70,84;70,85;70,88;70,89;70,94;70,95;70,97;70,99;70,105;70,107;70,110;70,111;70,113;70,114;70,115;70,116;70,117;70,118;70,120;70,121;70,123;70,126;70,128;70,132;70,135;70,140;70,141;70,142;70,147;70,150;70,152;70,153;70,159;70,161;70,164;70,166;70,167;70,169;70,175;70,179;70,180;70,181;70,183;70,187;70,189;70,190;70,191;70,193;70,196;70,197;70,198;70,199;
71,5;71,6;71,7;71,9;71,16;71,18;71,22;71,24;71,26;71,28;71,35;71,36;71,38;71,40;71,41;71,48;71,52;71,61;71,65;71,66;71,68;71,69;71,74;71,75;71,76;71,80;71,81;71,82;71,85;71,90;71,97;71,99;71,100;71,102;71,105;71,107;71,108;71,110;71,112;71,118;71,119;71,124;71,125;71,126;71,135;71,139;71,140;71,141;71,142;71,143;71,147;71,149;71,151;71,153;71,154;71,155;71,156;71,157;71,158;71,159;71,160;71,161;71,163;71,170;71,173;71,182;71,190;71,191;71,192;71,193;71,194;71,195;71,196;71,197;
72,2;72,3;72,4;72,5;72,6;72,8;72,10;72,14;72,16;72,22;72,33;72,34;72,35;72,37;72,38;72,43;72,44;72,50;72,53;72,58;72,60;72,61;72,65;72,67;72,68;72,69;72,74;72,83;72,84;72,85;72,94;72,95;72,105;72,110;72,112;72,114;72,115;72,124;72,126;72,132;72,135;72,137;72,139;72,144;72,147;72,152;72,154;72,155;72,162;72,164;72,166;72,170;72,177;72,178;72,182;72,188;72,189;72,191;72,196;72,197;72,198;72,199;
73,1;73,5;73,6;73,8;73,14;73,27;73,33;73,34;73,37;73,38;73,39;73,40;73,42;73,44;73,49;73,52;73,53;73,61;73,66;73,67;73,68;73,78;73,79;73,93;73,96;73,100;73,103;73,106;73,108;73,112;73,122;73,126;73,128;73,130;73,132;73,136;73,139;73,144;73,145;73,148;73,149;73,150;73,151;73,153;73,155;73,161;73,162;73,163;73,164;73,166;73,171;73,181;73,186;73,189;73,192;73,193;
74,1;74,6;74,8;74,10;74,15;74,16;74,17;74,18;74,20;74,24;74,25;74,29;74,31;74,38;74,40;74,42;74,43;74,46;74,54;74,56;74,57;74,62;74,65;74,68;74,70;74,71;74,72;74,73;74,78;74,79;74,81;74,82;74,86;74,88;74,89;74,92;74,100;74,103;74,106;74,107;74,120;74,124;74,131;74,133;74,138;74,139;74,148;74,157;74,158;74,161;74,162;74,163;74,164;74,165;74,166;74,167;74,170;74,171;74,176;74,177;74,179;74,183;74,185;74,189;74,190;74,195;74,196;74,197;74,198;74,199;
75,8;75,10;75,12;75,13;75,15;75,20;75,22;75,23;75,24;75,28;75,32;75,33;75,34;75,42;75,46;75,52;75,53;75,61;75,64;75,80;75,81;75,82;75,88;75,89;75,91;75,92;75,96;75,103;75,104;75,107;75,112;75,116;75,117;75,118;75,120;75,127;75,132;75,133;75,136;75,138;75,139;75,143;75,144;75,149;75,150;75,151;75,152;75,157;75,158;75,161;75,162;75,166;75,167;75,168;75,169;75,171;75,176;75,177;75,178;75,179;75,181;75,187;75,193;75,196;75,199;
76,7;76,8;76,17;76,19;76,21;76,22;76,28;76,32;76,33;76,41;76,46;76,48;76,49;76,54;76,55;76,60;76,64;76,65;76,74;76,75;76,76;76,79;76,81;76,82;76,86;76,88;76,92;76,94;76,98;76,102;76,105;76,106;76,107;76,112;76,116;76,117;76,119;76,120;76,122;76,124;76,125;76,126;76,133;76,138;76,145;76,147;76,148;76,150;76,151;76,154;76,160;76,163;76,168;76,169;76,171;76,176;76,180;76,181;76,183;76,185;76,187;76,193;76,195;76,196;76,197;
77,8;77,10;77,11;77,12;77,13;77,14;77,15;77,17;77,28;77,29;77,32;77,33;77,35;77,36;77,38;77,39;77,42;77,46;77,47;77,59;77,60;77,65;77,74;77,75;77,80;77,86;77,88;77,92;77,98;77,103;77,104;77,110;77,111;77,115;77,122;77,124;77,127;77,131;77,134;77,137;77,138;77,144;77,148;77,150;77,151;77,153;77,154;77,157;77,170;77,171;77,176;77,177;77,180;77,183;77,187;77,188;77,189;77,192;77,193;77,198;
78,5;78,6;78,8;78,10;78,12;78,13;78,19;78,31;78,32;78,33;78,34;78,37;78,39;78,40;78,41;78,42;78,46;78,47;78,49;78,57;78,59;78,64;78,66;78,72;78,75;78,82;78,87;78,88;78,95;78,96;78,98;78,103;78,107;78,108;78,111;78,113;78,115;78,116;78,117;78,118;78,119;78,120;78,122;78,124;78,126;78,130;78,137;78,146;78,148;78,158;78,159;78,160;78,164;78,171;78,175;78,180;78,186;78,192;78,198;78,199;
79,4;79,9;79,10;79,15;79,18;79,31;79,34;79,43;79,46;79,49;79,58;79,61;79,63;79,65;79,70;79,73;79,75;79,81;79,82;79,85;79,88;79,94;79,96;79,98;79,107;79,108;79,111;79,112;79,122;79,124;79,126;79,130;79,131;79,135;79,137;79,145;79,146;79,147;79,148;79,149;79,150;79,151;79,153;79,160;79,166;79,170;79,176;79,181;79,182;79,188;79,191;79,192;79,197;79,198;79,199;
80,2;80,9;80,18;80,30;80,31;80,34;80,39;80,47;80,59;80,61;80,63;80,64;80,66;80,67;80,68;80,69;80,70;80,73;80,82;80,98;80,99;80,101;80,102;80,103;80,104;80,106;80,111;80,113;80,115;80,118;80,119;80,120;80,133;80,134;80,135;80,136;80,141;80,147;80,157;80,158;80,160;80,161;80,163;80,164;80,166;80,168;80,169;80,170;80,178;80,181;80,182;80,189;80,191;80,194;80,199;
81,5;81,9;81,18;81,32;81,34;81,39;81,40;81,41;81,47;81,48;81,50;81,54;81,55;81,59;81,63;81,66;81,69;81,78;81,83;81,85;81,86;81,89;81,93;81,97;81,98;81,102;81,103;81,105;81,106;81,108;81,113;81,121;81,122;81,123;81,127;81,128;81,130;81,131;81,132;81,133;81,134;81,136;81,137;81,142;81,143;81,146;81,147;81,149;81,150;81,152;81,163;81,164;81,167;81,168;81,170;81,171;81,172;81,175;81,176;81,177;81,181;81,192;81,195;81,197;81,199;
82,0;82,1;82,4;82,5;82,10;82,13;82,18;82,19;82,20;82,29;82,31;82,33;82,34;82,35;82,38;82,41;82,49;82,50;82,52;82,54;82,56;82,61;82,67;82,69;82,83;82,84;82,89;82,93;82,95;82,97;82,98;82,100;82,102;82,105;82,108;82,109;82,110;82,111;82,115;82,117;82,118;82,119;82,120;82,121;82,126;82,127;82,128;82,136;82,143;82,145;82,148;82,149;82,151;82,160;82,163;82,166;82,167;82,168;82,169;82,171;82,172;82,175;82,180;82,182;82,191;82,192;82,197;82,198;
83,0;83,3;83,7;83,11;83,15;83,16;83,17;83,18;83,19;83,20;83,27;83,28;83,31;83,33;83,36;83,37;83,42;83,43;83,47;83,49;83,50;83,52;83,54;83,56;83,57;83,59;83,66;83,71;83,81;83,82;83,85;83,90;83,92;83,93;83,95;83,100;83,104;83,108;83,109;83,118;83,122;83,123;83,124;83,125;83,127;83,131;83,132;83,133;83,134;83,136;83,139;83,141;83,142;83,146;83,151;83,156;83,157;83,162;83,167;83,169;83,170;83,171;83,172;83,180;83,181;83,182;83,183;83,189;83,190;83,192;83,197;83,199;
84,0;84,2;84,3;84,4;84,5;84,6;84,12;84,17;84,18;84,19;84,27;84,28;84,30;84,33;84,34;84,36;84,38;84,44;84,45;84,52;84,56;84,58;84,63;84,64;84,67;84,69;84,73;84,75;84,79;84,83;84,84;84,85;84,95;84,97;84,103;84,107;84,108;84,111;84,113;84,115;84,116;84,117;84,118;84,119;84,120;84,121;84,122;84,123;84,124;84,127;84,131;84,132;84,134;84,137;84,139;84,141;84,144;84,146;84,147;84,150;84,151;84,156;84,159;84,160;84,161;84,163;84,167;84,168;84,169;84,172;84,175;84,180;84,181;84,183;84,186;84,187;84,188;84,189;84,190;84,191;84,196;84,198;84,199;
85,0;85,2;85,6;85,10;85,12;85,14;85,19;85,26;85,27;85,28;85,29;85,30;85,31;85,36;85,38;85,39;85,46;85,53;85,54;85,55;85,56;85,57;85,58;85,65;85,67;85,69;85,72;85,81;85,86;85,87;85,88;85,89;85,91;85,92;85,96;85,97;85,98;85,107;85,111;85,112;85,116;85,117;85,121;85,126;85,127;85,128;85,129;85,131;85,133;85,137;85,139;85,141;85,151;85,152;85,153;85,157;85,161;85,163;85,164;85,166;85,167;85,170;85,171;85,172;85,174;85,175;85,176;85,182;85,183;85,184;85,185;85,186;85,187;85,188;85,189;85,196;85,197;85,199;
86,0;86,3;86,4;86,5;86,9;86,10;86,12;86,13;86,16;86,18;86,19;86,27;86,28;86,30;86,36;86,46;86,52;86,61;86,62;86,64;86,65;86,67;86,69;86,74;86,75;86,81;86,83;86,84;86,85;86,87;86,90;86,94;86,97;86,105;86,107;86,109;86,111;86,115;86,117;86,119;86,120;86,123;86,124;86,125;86,126;86,133;86,134;86,135;86,137;86,139;86,141;86,146;86,151;86,154;86,155;86,157;86,161;86,166;86,175;86,176;86,181;86,182;86,184;86,185;86,189;86,195;86,196;86,197;86,199;
87,0;87,1;87,6;87,7;87,15;87,19;87,26;87,36;87,49;87,50;87,52;87,54;87,58;87,61;87,62;87,65;87,67;87,68;87,70;87,74;87,76;87,81;87,84;87,87;87,95;87,97;87,105;87,110;87,111;87,120;87,122;87,123;87,125;87,126;87,132;87,134;87,135;87,137;87,144;87,156;87,157;87,163;87,165;87,166;87,173;87,175;87,176;87,185;87,186;87,189;87,190;87,193;87,194;87,197;
88,0;88,7;88,8;88,16;88,17;88,18;88,19;88,26;88,36;88,39;88,40;88,41;88,46;88,47;88,49;88,50;88,51;88,53;88,54;88,58;88,64;88,65;88,67;88,71;88,72;88,74;88,76;88,81;88,84;88,94;88,95;88,97;88,99;88,101;88,103;88,105;88,106;88,107;88,108;88,109;88,110;88,111;88,118;88,132;88,133;88,136;88,139;88,140;88,141;88,142;88,149;88,153;88,154;88,155;88,158;88,175;88,177;88,179;88,181;88,185;88,186;88,189;88,194;
89,0;89,7;89,8;89,16;89,24;89,26;89,27;89,31;89,32;89,34;89,39;89,42;89,46;89,47;89,52;89,54;89,56;89,57;89,64;89,67;89,77;89,81;89,84;89,85;89,91;89,92;89,93;89,94;89,97;89,99;89,101;89,111;89,112;89,116;89,120;89,123;89,127;89,137;89,139;89,140;89,159;89,171;89,173;89,177;89,179;89,180;89,181;89,184;89,189;89,194;89,195;89,196;
90,0;90,5;90,11;90,12;90,13;90,17;90,18;90,26;90,30;90,31;90,32;90,40;90,42;90,51;90,52;90,56;90,67;90,68;90,78;90,80;90,83;90,86;90,89;90,93;90,94;90,95;90,106;90,107;90,112;90,116;90,117;90,118;90,119;90,120;90,121;90,127;90,137;90,140;90,148;90,149;90,155;90,160;90,166;90,168;90,171;90,177;90,179;90,182;90,185;90,186;90,191;90,193;90,199;
91,3;91,5;91,11;91,13;91,16;91,21;91,26;91,29;91,30;91,31;91,34;91,37;91,42;91,52;91,53;91,57;91,58;91,59;91,60;91,61;91,72;91,79;91,85;91,86;91,89;91,90;91,91;91,94;91,95;91,96;91,97;91,98;91,103;91,104;91,107;91,112;91,115;91,116;91,118;91,119;91,125;91,126;91,136;91,148;91,155;91,157;91,158;91,162;91,163;91,165;91,166;91,171;91,172;91,173;91,174;91,181;91,184;91,185;91,189;91,190;91,193;91,194;91,195;91,199;
92,0;92,3;92,4;92,5;92,7;92,14;92,15;92,19;92,21;92,23;92,24;92,25;92,26;92,28;92,29;92,30;92,36;92,37;92,39;92,41;92,42;92,54;92,68;92,69;92,70;92,71;92,73;92,74;92,75;92,76;92,77;92,83;92,90;92,92;92,94;92,102;92,104;92,105;92,106;92,109;92,111;92,112;92,115;92,116;92,122;92,125;92,129;92,130;92,146;92,149;92,150;92,151;92,152;92,154;92,157;92,158;92,165;92,166;92,168;92,170;92,174;92,176;92,177;92,181;92,189;92,193;92,198;92,199;
93,1;93,4;93,5;93,7;93,8;93,14;93,15;93,17;93,19;93,21;93,23;93,24;93,26;93,27;93,32;93,34;93,36;93,41;93,43;93,44;93,47;93,48;93,59;93,64;93,73;93,74;93,75;93,83;93,84;93,85;93,86;93,87;93,91;93,92;93,94;93,98;93,102;93,103;93,104;93,106;93,107;93,111;93,112;93,114;93,117;93,122;93,123;93,125;93,131;93,132;93,136;93,146;93,147;93,149;93,151;93,152;93,154;93,155;93,157;93,158;93,166;93,170;93,175;93,176;93,179;93,181;93,183;93,184;93,185;93,186;93,187;93,188;93,189;93,192;93,199;
94,5;94,7;94,9;94,11;94,14;94,15;94,17;94,19;94,21;94,23;94,24;94,26;94,29;94,31;94,32;94,41;94,43;94,44;94,45;94,48;94,51;94,52;94,61;94,67;94,70;94,71;94,72;94,74;94,75;94,79;94,80;94,81;94,89;94,98;94,99;94,100;94,101;94,102;94,106;94,108;94,111;94,112;94,113;94,116;94,125;94,129;94,134;94,135;94,139;94,140;94,142;94,149;94,155;94,156;94,160;94,167;94,168;94,178;94,179;94,181;94,188;94,190;94,192;94,193;94,198;
95,1;95,6;95,9;95,15;95,21;95,24;95,26;95,29;95,30;95,31;95,32;95,33;95,34;95,38;95,40;95,45;95,46;95,47;95,50;95,52;95,58;95,61;95,67;95,69;95,74;95,75;95,79;95,80;95,81;95,82;95,87;95,94;95,95;95,96;95,99;95,100;95,102;95,106;95,112;95,120;95,122;95,125;95,130;95,131;95,132;95,133;95,134;95,135;95,137;95,140;95,142;95,144;95,146;95,148;95,156;95,158;95,159;95,160;95,165;95,168;95,177;95,178;95,179;95,180;95,183;95,190;95,192;95,193;95,195;95,197;
96,0;96,3;96,6;96,7;96,9;96,11;96,15;96,16;96,18;96,22;96,31;96,32;96,38;96,39;96,40;96,45;96,53;96,60;96,62;96,67;96,69;96,71;96,73;96,74;96,75;96,76;96,77;96,81;96,86;96,87;96,89;96,91;96,97;96,98;96,102;96,104;96,114;96,115;96,123;96,125;96,126;96,128;96,129;96,138;96,140;96,141;96,143;96,144;96,145;96,147;96,148;96,151;96,153;96,154;96,162;96,168;96,177;96,181;96,190;96,194;96,197;96,198;
97,0;97,3;97,4;97,6;97,9;97,10;97,15;97,16;97,22;97,23;97,30;97,31;97,38;97,41;97,42;97,43;97,45;97,46;97,47;97,51;97,57;97,58;97,59;97,63;97,64;97,65;97,70;97,72;97,73;97,76;97,77;97,78;97,79;97,80;97,82;97,83;97,85;97,88;97,89;97,102;97,105;97,114;97,115;97,122;97,123;97,128;97,133;97,135;97,137;97,138;97,144;97,145;97,148;97,156;97,157;97,159;97,164;97,169;97,179;97,183;97,188;97,194;97,195;97,197;
98,0;98,1;98,3;98,6;98,7;98,8;98,15;98,18;98,19;98,21;98,23;98,25;98,29;98,42;98,43;98,45;98,46;98,47;98,49;98,67;98,68;98,71;98,73;98,75;98,76;98,80;98,82;98,83;98,91;98,99;98,102;98,103;98,107;98,108;98,119;98,124;98,125;98,126;98,130;98,132;98,133;98,135;98,137;98,140;98,150;98,152;98,153;98,154;98,156;98,158;98,160;98,162;98,163;98,164;98,165;98,166;98,170;98,174;98,179;98,188;98,189;98,190;98,191;98,197;98,198;
99,13;99,18;99,19;99,21;99,27;99,29;99,31;99,36;99,38;99,48;99,52;99,54;99,56;99,58;99,59;99,61;99,62;99,63;99,64;99,67;99,71;99,72;99,73;99,76;99,77;99,85;99,87;99,90;99,91;99,92;99,94;99,106;99,109;99,116;99,131;99,132;99,134;99,135;99,148;99,149;99,158;99,163;99,167;99,170;99,173;99,175;99,177;99,183;99,188;99,192;99,198;
100,18;100,19;100,21;100,36;100,37;100,38;100,49;100,56;100,67;100,73;100,74;100,76;100,77;100,82;100,85;100,86;100,87;100,89;100,90;100,92;100,101;100,110;100,111;100,112;100,116;100,121;100,123;100,125;100,132;100,134;100,139;100,140;100,142;100,144;100,145;100,146;100,147;100,157;100,158;100,161;100,168;100,169;100,170;100,173;100,175;100,176;100,177;100,179;100,183;100,187;100,188;100,196;100,198;100,199;
101,7;101,21;101,30;101,32;101,43;101,47;101,48;101,49;101,50;101,52;101,54;101,58;101,66;101,68;101,70;101,72;101,73;101,81;101,84;101,85;101,88;101,90;101,101;101,102;101,103;101,106;101,107;101,108;101,110;101,111;101,112;101,113;101,116;101,118;101,122;101,124;101,129;101,132;101,133;101,140;101,144;101,146;101,148;101,149;101,150;101,151;101,159;101,160;101,167;101,173;101,177;101,179;101,183;101,185;101,186;101,187;101,191;101,197;
102,0;102,1;102,2;102,6;102,9;102,14;102,17;102,21;102,25;102,26;102,35;102,42;102,43;102,44;102,46;102,48;102,49;102,69;102,71;102,78;102,79;102,81;102,82;102,83;102,86;102,87;102,88;102,104;102,105;102,106;102,108;102,110;102,114;102,120;102,122;102,130;102,140;102,141;102,153;102,157;102,158;102,160;102,165;102,166;102,167;102,168;102,169;102,171;102,172;102,173;102,178;102,181;102,182;102,185;102,186;102,190;102,191;102,197;102,198;
103,4;103,6;103,8;103,9;103,15;103,21;103,23;103,28;103,30;103,31;103,32;103,33;103,35;103,36;103,38;103,39;103,46;103,48;103,49;103,50;103,56;103,59;103,61;103,71;103,73;103,74;103,76;103,78;103,79;103,83;103,85;103,87;103,88;103,89;103,96;103,97;103,98;103,100;103,101;103,102;103,103;103,104;103,105;103,107;103,108;103,112;103,114;103,116;103,117;103,120;103,122;103,132;103,137;103,138;103,140;103,141;103,143;103,144;103,149;103,152;103,156;103,160;103,162;103,165;103,169;103,175;103,179;103,182;103,186;103,187;103,191;103,192;103,198;
104,0;104,1;104,2;104,9;104,18;104,20;104,23;104,24;104,25;104,26;104,28;104,30;104,31;104,35;104,39;104,40;104,43;104,44;104,46;104,51;104,55;104,56;104,57;104,59;104,61;104,63;104,64;104,65;104,67;104,77;104,79;104,80;104,83;104,84;104,86;104,87;104,88;104,90;104,91;104,106;104,108;104,114;104,115;104,116;104,117;104,125;104,135;104,142;104,151;104,152;104,154;104,157;104,158;104,161;104,162;104,163;104,164;104,165;104,167;104,168;104,169;104,175;104,183;104,184;104,186;104,187;104,189;104,192;104,195;104,196;104,197;104,199;
105,1;105,3;105,5;105,7;105,8;105,9;105,11;105,15;105,20;105,21;105,28;105,31;105,32;105,33;105,35;105,36;105,37;105,39;105,42;105,45;105,46;105,50;105,54;105,55;105,56;105,59;105,62;105,63;105,64;105,66;105,68;105,72;105,79;105,80;105,82;105,85;105,87;105,91;105,93;105,95;105,96;105,101;105,106;105,107;105,108;105,109;105,112;105,113;105,117;105,119;105,122;105,126;105,127;105,133;105,137;105,138;105,140;105,142;105,151;105,152;105,157;105,163;105,175;105,181;105,182;105,191;105,194;105,195;105,198;105,199;
106,5;106,7;106,11;106,15;106,21;106,23;106,24;106,28;106,29;106,31;106,34;106,37;106,42;106,43;106,46;106,50;106,52;106,53;106,58;106,59;106,64;106,65;106,66;106,68;106,70;106,74;106,79;106,80;106,83;106,86;106,87;106,90;106,91;106,92;106,100;106,103;106,105;106,113;106,117;106,122;106,130;106,131;106,133;106,134;106,135;106,136;106,137;106,141;106,142;106,147;106,148;106,150;106,152;106,157;106,159;106,160;106,161;106,163;106,164;106,168;106,175;106,182;106,187;106,191;
107,1;107,5;107,9;107,16;107,19;107,20;107,22;107,23;107,26;107,28;107,29;107,30;107,37;107,39;107,40;107,44;107,50;107,54;107,55;107,56;107,57;107,58;107,60;107,61;107,62;107,66;107,67;107,68;107,74;107,75;107,76;107,79;107,80;107,82;107,87;107,90;107,93;107,94;107,95;107,96;107,97;107,98;107,100;107,101;107,103;107,104;107,105;107,106;107,116;107,141;107,143;107,144;107,145;107,146;107,147;107,152;107,163;107,169;107,171;107,172;107,173;107,174;107,176;107,181;107,182;107,185;107,190;107,197;107,198;107,199;
108,1;108,5;108,7;108,9;108,10;108,14;108,16;108,21;108,24;108,26;108,28;108,30;108,35;108,36;108,37;108,44;108,46;108,47;108,50;108,53;108,54;108,55;108,56;108,57;108,58;108,59;108,64;108,67;108,69;108,70;108,76;108,77;108,84;108,85;108,86;108,87;108,89;108,90;108,92;108,94;108,95;108,96;108,106;108,113;108,116;108,124;108,132;108,134;108,135;108,136;108,137;108,144;108,148;108,152;108,155;108,156;108,158;108,160;108,161;108,165;108,167;108,179;108,184;108,185;108,191;108,193;108,196;
109,8;109,9;109,10;109,11;109,12;109,13;109,15;109,17;109,36;109,48;109,50;109,61;109,63;109,68;109,72;109,76;109,78;109,80;109,83;109,85;109,86;109,87;109,91;109,92;109,93;109,100;109,101;109,102;109,103;109,104;109,106;109,107;109,108;109,109;109,115;109,116;109,126;109,128;109,129;109,130;109,131;109,133;109,134;109,135;109,141;109,142;109,143;109,144;109,145;109,146;109,151;109,152;109,154;109,158;109,160;109,163;109,170;109,173;109,178;109,179;109,184;109,185;109,188;109,189;109,190;
110,2;110,3;110,4;110,9;110,10;110,17;110,18;110,26;110,29;110,30;110,36;110,41;110,42;110,44;110,48;110,49;110,68;110,70;110,71;110,77;110,83;110,85;110,90;110,95;110,97;110,98;110,99;110,100;110,101;110,102;110,104;110,106;110,107;110,114;110,116;110,118;110,120;110,128;110,129;110,130;110,131;110,134;110,144;110,145;110,149;110,151;110,152;110,155;110,158;110,161;110,162;110,165;110,166;110,172;110,173;110,175;110,176;110,180;110,181;110,184;110,185;110,188;
111,3;111,4;111,7;111,8;111,13;111,14;111,16;111,17;111,19;111,20;111,21;111,22;111,23;111,32;111,34;111,39;111,51;111,56;111,57;111,62;111,70;111,79;111,80;111,81;111,82;111,83;111,85;111,86;111,90;111,91;111,94;111,96;111,97;111,98;111,102;111,103;111,105;111,109;111,110;111,112;111,114;111,116;111,117;111,120;111,123;111,124;111,132;111,135;111,136;111,137;111,138;111,146;111,152;111,156;111,157;111,158;111,167;111,168;111,169;111,170;111,173;111,178;111,180;111,184;111,185;111,188;111,199;
112,2;112,3;112,4;112,5;112,7;112,10;112,11;112,16;112,17;112,19;112,20;112,21;112,32;112,38;112,40;112,41;112,42;112,44;112,45;112,46;112,65;112,68;112,70;112,74;112,78;112,85;112,86;112,87;112,90;112,97;112,99;112,101;112,102;112,105;112,107;112,108;112,109;112,110;112,111;112,113;112,118;112,119;112,122;112,125;112,126;112,128;112,130;112,132;112,135;112,137;112,138;112,146;112,149;112,150;112,157;112,160;112,171;112,173;112,176;112,177;112,180;112,181;112,182;112,184;112,185;
113,5;113,6;113,8;113,10;113,12;113,13;113,16;113,20;113,23;113,31;113,36;113,38;113,40;113,43;113,45;113,50;113,51;113,53;113,54;113,55;113,56;113,57;113,68;113,69;113,73;113,75;113,77;113,78;113,79;113,80;113,81;113,82;113,83;113,84;113,88;113,90;113,92;113,96;113,97;113,98;113,101;113,103;113,107;113,109;113,110;113,115;113,122;113,130;113,132;113,135;113,146;113,150;113,154;113,155;113,164;113,165;113,166;113,168;113,169;113,170;113,172;113,174;113,177;113,179;113,182;113,183;113,186;113,188;113,190;113,191;113,198;
114,1;114,3;114,5;114,13;114,23;114,29;114,33;114,34;114,35;114,39;114,50;114,53;114,60;114,61;114,73;114,75;114,77;114,88;114,90;114,91;114,92;114,95;114,96;114,97;114,98;114,99;114,107;114,117;114,119;114,120;114,125;114,126;114,132;114,134;114,137;114,143;114,144;114,145;114,147;114,149;114,151;114,154;114,159;114,160;114,173;114,177;114,179;114,186;114,188;114,189;114,190;114,191;114,192;114,194;114,195;114,199;
115,1;115,3;115,4;115,16;115,19;115,22;115,23;115,24;115,27;115,29;115,35;115,38;115,42;115,43;115,44;115,50;115,51;115,60;115,61;115,64;115,68;115,69;115,70;115,71;115,72;115,73;115,75;115,77;115,79;115,83;115,92;115,95;115,100;115,101;115,106;115,107;115,108;115,116;115,117;115,125;115,133;115,136;115,138;115,140;115,145;115,148;115,149;115,151;115,154;115,156;115,157;115,159;115,163;115,164;115,166;115,167;115,168;115,171;115,172;115,174;115,175;115,176;115,177;115,179;115,181;115,189;115,190;115,194;115,195;115,196;115,197;115,198;
116,0;116,1;116,2;116,4;116,6;116,16;116,18;116,19;116,22;116,26;116,27;116,30;116,31;116,36;116,37;116,38;116,40;116,41;116,46;116,51;116,53;116,55;116,56;116,57;116,60;116,67;116,71;116,75;116,81;116,83;116,87;116,88;116,89;116,90;116,95;116,97;116,98;116,99;116,100;116,102;116,108;116,115;116,116;116,117;116,120;116,125;116,128;116,133;116,134;116,135;116,137;116,140;116,147;116,150;116,153;116,155;116,160;116,161;116,163;116,168;116,173;116,174;116,175;116,176;116,185;116,186;116,187;116,189;116,190;116,192;116,194;116,196;116,197;
117,3;117,15;117,16;117,19;117,20;117,22;117,30;117,40;117,48;117,49;117,50;117,52;117,53;117,57;117,59;117,60;117,62;117,69;117,72;117,73;117,74;117,76;117,77;117,79;117,81;117,87;117,108;117,109;117,112;117,113;117,119;117,126;117,127;117,133;117,137;117,151;117,152;117,153;117,154;117,158;117,161;117,162;117,163;117,168;117,183;117,189;117,190;117,192;117,195;117,197;
118,0;118,3;118,5;118,7;118,16;118,23;118,31;118,32;118,33;118,34;118,36;118,38;118,39;118,41;118,42;118,43;118,44;118,45;118,52;118,55;118,57;118,60;118,67;118,69;118,71;118,79;118,81;118,83;118,86;118,87;118,88;118,89;118,91;118,98;118,100;118,101;118,102;118,105;118,108;118,112;118,113;118,118;118,119;118,120;118,127;118,131;118,133;118,134;118,136;118,141;118,142;118,151;118,156;118,167;118,173;118,174;118,176;118,177;118,184;118,185;118,186;118,190;118,192;118,193;118,194;118,196;118,197;118,198;
119,5;119,9;119,12;119,18;119,23;119,30;119,31;119,32;119,33;119,34;119,35;119,36;119,37;119,41;119,44;119,45;119,46;119,52;119,55;119,57;119,58;119,59;119,60;119,61;119,67;119,68;119,69;119,73;119,77;119,78;119,79;119,86;119,87;119,96;119,98;119,103;119,104;119,107;119,109;119,112;119,120;119,127;119,128;119,131;119,133;119,135;119,137;119,139;119,140;119,145;119,149;119,150;119,155;119,175;119,177;119,179;119,184;119,189;119,197;
120,9;120,10;120,13;120,15;120,16;120,24;120,28;120,30;120,32;120,34;120,43;120,46;120,52;120,54;120,56;120,60;120,61;120,62;120,64;120,70;120,71;120,72;120,74;120,75;120,77;120,78;120,79;120,84;120,85;120,86;120,87;120,100;120,101;120,104;120,107;120,109;120,110;120,118;120,119;120,133;120,136;120,137;120,138;120,139;120,141;120,142;120,143;120,144;120,146;120,147;120,149;120,151;120,152;120,154;120,155;120,165;120,166;120,167;120,170;120,172;120,173;120,175;120,179;120,184;120,185;120,190;
121,2;121,4;121,9;121,19;121,23;121,28;121,31;121,33;121,35;121,45;121,46;121,59;121,60;121,61;121,62;121,69;121,71;121,79;121,84;121,85;121,86;121,102;121,103;121,104;121,106;121,111;121,114;121,116;121,119;121,120;121,126;121,133;121,138;121,144;121,146;121,147;121,150;121,151;121,154;121,155;121,160;121,170;121,174;121,175;121,177;121,179;121,188;121,190;121,191;121,192;
122,1;122,2;122,3;122,8;122,22;122,23;122,29;122,35;122,36;122,38;122,39;122,41;122,42;122,43;122,46;122,47;122,48;122,55;122,56;122,58;122,59;122,61;122,65;122,69;122,71;122,72;122,79;122,83;122,85;122,87;122,88;122,100;122,104;122,106;122,110;122,113;122,114;122,116;122,118;122,120;122,125;122,131;122,133;122,135;122,136;122,137;122,138;122,141;122,142;122,143;122,145;122,146;122,148;122,149;122,150;122,151;122,153;122,155;122,160;122,165;122,170;122,174;122,177;122,188;122,193;
123,1;123,3;123,7;123,8;123,23;123,24;123,25;123,26;123,28;123,30;123,31;123,33;123,34;123,38;123,39;123,42;123,43;123,48;123,58;123,59;123,60;123,61;123,65;123,67;123,72;123,79;123,82;123,85;123,86;123,87;123,90;123,91;123,97;123,98;123,100;123,106;123,108;123,113;123,114;123,118;123,120;123,124;123,125;123,127;123,133;123,135;123,136;123,138;123,139;123,146;123,148;123,154;123,155;123,158;123,159;123,160;123,161;123,167;123,168;123,171;123,174;123,175;123,176;123,178;123,179;123,184;123,187;123,188;123,193;
124,0;124,1;124,2;124,8;124,9;124,18;124,20;124,21;124,22;124,23;124,24;124,25;124,26;124,31;124,32;124,42;124,43;124,44;124,46;124,47;124,48;124,61;124,72;124,78;124,79;124,80;124,81;124,82;124,83;124,84;124,85;124,86;124,88;124,89;124,90;124,93;124,95;124,100;124,105;124,109;124,113;124,114;124,118;124,119;124,120;124,128;124,130;124,132;124,133;124,137;124,139;124,140;124,144;124,146;124,147;124,148;124,151;124,152;124,159;124,160;124,161;124,169;124,171;124,173;124,177;124,178;124,185;124,186;124,187;124,193;124,194;124,195;124,196;
125,0;125,1;125,3;125,4;125,5;125,8;125,11;125,13;125,14;125,16;125,17;125,18;125,19;125,20;125,23;125,24;125,31;125,39;125,40;125,41;125,45;125,49;125,55;125,58;125,60;125,61;125,79;125,82;125,83;125,86;125,89;125,90;125,91;125,93;125,95;125,96;125,97;125,98;125,100;125,101;125,102;125,103;125,105;125,109;125,110;125,112;125,118;125,121;125,127;125,128;125,132;125,133;125,135;125,136;125,138;125,150;125,158;125,159;125,161;125,162;125,163;125,164;125,171;125,178;125,180;125,181;125,182;125,183;125,184;125,185;125,186;125,188;125,190;125,191;125,196;125,197;
126,0;126,1;126,5;126,7;126,11;126,12;126,16;126,18;126,21;126,24;126,27;126,29;126,30;126,46;126,47;126,49;126,55;126,57;126,71;126,75;126,79;126,82;126,87;126,90;126,92;126,103;126,105;126,106;126,118;126,121;126,122;126,123;126,124;126,130;126,133;126,134;126,135;126,137;126,138;126,139;126,140;126,143;126,157;126,158;126,159;126,160;126,161;126,167;126,169;126,171;126,172;126,178;126,180;126,181;126,182;126,183;126,186;126,187;126,189;126,192;126,193;126,194;126,197;
127,5;127,7;127,8;127,12;127,13;127,19;127,20;127,24;127,25;127,29;127,31;127,32;127,34;127,36;127,39;127,40;127,41;127,51;127,53;127,59;127,60;127,61;127,68;127,69;127,71;127,73;127,74;127,87;127,89;127,90;127,91;127,93;127,94;127,96;127,97;127,98;127,104;127,117;127,120;127,124;127,130;127,134;127,136;127,138;127,145;127,151;127,155;127,156;127,160;127,167;127,168;127,169;127,170;127,178;127,179;127,185;127,186;127,187;127,191;127,192;127,198;
128,2;128,3;128,6;128,8;128,10;128,15;128,20;128,21;128,23;128,25;128,29;128,35;128,37;128,41;128,44;128,46;128,48;128,49;128,50;128,51;128,52;128,61;128,62;128,65;128,66;128,67;128,73;128,74;128,76;128,78;128,79;128,80;128,81;128,82;128,88;128,89;128,92;128,93;128,99;128,101;128,114;128,117;128,130;128,134;128,138;128,139;128,140;128,145;128,146;128,148;128,150;128,153;128,160;128,161;128,167;128,169;128,170;128,171;128,172;128,173;128,174;128,176;128,179;128,180;128,183;128,184;128,185;128,191;128,194;128,198;
129,3;129,4;129,6;129,10;129,11;129,12;129,13;129,16;129,19;129,20;129,23;129,24;129,27;129,28;129,29;129,30;129,31;129,37;129,38;129,39;129,40;129,41;129,42;129,44;129,46;129,47;129,48;129,49;129,54;129,60;129,62;129,63;129,67;129,72;129,73;129,74;129,75;129,79;129,83;129,84;129,92;129,94;129,96;129,97;129,114;129,116;129,119;129,128;129,133;129,134;129,147;129,148;129,151;129,153;129,157;129,159;129,160;129,167;129,174;129,175;129,180;129,181;129,182;129,183;129,190;129,191;129,194;129,198;
130,1;130,2;130,5;130,6;130,7;130,8;130,9;130,10;130,11;130,12;130,13;130,14;130,15;130,20;130,22;130,23;130,26;130,27;130,28;130,32;130,34;130,35;130,42;130,44;130,52;130,56;130,57;130,59;130,60;130,62;130,63;130,67;130,72;130,73;130,75;130,84;130,86;130,87;130,88;130,92;130,93;130,94;130,95;130,96;130,97;130,101;130,102;130,103;130,105;130,106;130,107;130,116;130,119;130,120;130,122;130,123;130,127;130,128;130,131;130,132;130,138;130,139;130,140;130,151;130,153;130,160;130,166;130,171;130,172;130,174;130,175;130,182;130,183;130,184;130,190;
131,8;131,13;131,16;131,19;131,23;131,25;131,29;131,30;131,37;131,44;131,51;131,52;131,57;131,64;131,70;131,72;131,74;131,75;131,79;131,85;131,86;131,87;131,90;131,92;131,94;131,103;131,106;131,109;131,114;131,119;131,121;131,125;131,126;131,133;131,138;131,139;131,148;131,149;131,150;131,158;131,160;131,171;131,174;131,176;131,178;131,183;131,184;131,185;131,186;131,187;131,193;131,195;
132,0;132,1;132,3;132,4;132,11;132,12;132,18;132,19;132,22;132,26;132,29;132,30;132,35;132,42;132,43;132,51;132,52;132,58;132,59;132,61;132,62;132,64;132,65;132,67;132,68;132,69;132,73;132,74;132,75;132,77;132,78;132,83;132,87;132,88;132,89;132,99;132,100;132,101;132,103;132,105;132,110;132,112;132,114;132,115;132,116;132,121;132,122;132,124;132,125;132,130;132,133;132,134;132,135;132,143;132,144;132,145;132,148;132,149;132,153;132,154;132,156;132,159;132,160;132,161;132,174;132,179;132,182;132,186;132,188;132,189;132,193;132,195;132,199;
133,0;133,4;133,8;133,9;133,15;133,16;133,17;133,18;133,19;133,22;133,23;133,24;133,31;133,35;133,37;133,44;133,51;133,57;133,66;133,67;133,72;133,77;133,88;133,90;133,91;133,92;133,97;133,98;133,104;133,105;133,109;133,110;133,112;133,113;133,116;133,117;133,121;133,122;133,130;133,136;133,141;133,142;133,143;133,144;133,145;133,149;133,150;133,152;133,153;133,154;133,156;133,159;133,160;133,183;133,184;133,186;133,187;133,188;133,189;133,191;133,192;133,195;133,199;
134,0;134,3;134,7;134,16;134,17;134,20;134,25;134,32;134,35;134,36;134,43;134,44;134,47;134,48;134,52;134,58;134,59;134,60;134,61;134,62;134,67;134,68;134,69;134,70;134,72;134,73;134,79;134,83;134,89;134,105;134,110;134,116;134,117;134,121;134,127;134,128;134,130;134,137;134,140;134,147;134,149;134,151;134,152;134,153;134,154;134,155;134,156;134,160;134,162;134,163;134,175;134,183;134,186;134,188;134,189;134,191;134,192;134,193;134,194;134,199;
135,2;135,3;135,7;135,8;135,9;135,11;135,18;135,19;135,20;135,21;135,22;135,23;135,33;135,34;135,37;135,38;135,40;135,42;135,47;135,49;135,62;135,66;135,67;135,68;135,70;135,72;135,73;135,77;135,80;135,85;135,89;135,91;135,93;135,101;135,102;135,103;135,104;135,108;135,110;135,112;135,113;135,121;135,122;135,123;135,125;135,129;135,130;135,131;135,132;135,133;135,134;135,135;135,137;135,141;135,144;135,146;135,152;135,153;135,154;135,156;135,158;135,160;135,167;135,171;135,177;135,178;135,186;135,188;135,189;135,190;135,191;135,192;
136,1;136,3;136,6;136,18;136,21;136,23;136,24;136,25;136,26;136,29;136,34;136,35;136,36;136,38;136,40;136,42;136,43;136,52;136,53;136,54;136,55;136,57;136,58;136,66;136,69;136,79;136,80;136,85;136,87;136,89;136,93;136,95;136,101;136,103;136,104;136,105;136,106;136,110;136,112;136,113;136,116;136,117;136,119;136,121;136,130;136,132;136,134;136,135;136,136;136,138;136,139;136,144;136,146;136,155;136,156;136,158;136,161;136,165;136,166;136,168;136,173;136,175;136,176;136,178;136,179;136,182;136,186;136,188;136,192;
137,2;137,3;137,4;137,7;137,10;137,16;137,19;137,24;137,26;137,27;137,28;137,29;137,30;137,35;137,36;137,40;137,42;137,43;137,45;137,47;137,55;137,56;137,57;137,58;137,67;137,68;137,69;137,75;137,81;137,82;137,95;137,96;137,98;137,101;137,119;137,122;137,129;137,135;137,137;137,138;137,139;137,140;137,141;137,149;137,150;137,155;137,156;137,158;137,171;137,176;137,178;137,179;137,187;137,188;137,189;137,190;137,191;137,198;
138,0;138,7;138,9;138,13;138,15;138,16;138,17;138,21;138,22;138,25;138,26;138,31;138,36;138,38;138,40;138,45;138,54;138,55;138,56;138,58;138,67;138,68;138,69;138,70;138,75;138,77;138,79;138,80;138,81;138,86;138,91;138,95;138,103;138,106;138,108;138,109;138,110;138,119;138,128;138,129;138,135;138,136;138,137;138,138;138,143;138,145;138,146;138,147;138,148;138,155;138,156;138,162;138,163;138,167;138,174;138,175;138,179;138,180;138,188;138,191;138,193;138,196;138,199;
139,0;139,3;139,4;139,6;139,7;139,8;139,9;139,18;139,19;139,23;139,27;139,28;139,30;139,33;139,35;139,38;139,45;139,53;139,56;139,58;139,59;139,60;139,84;139,85;139,97;139,101;139,102;139,105;139,106;139,108;139,110;139,120;139,122;139,128;139,129;139,141;139,147;139,152;139,153;139,166;139,170;139,171;139,172;139,174;139,175;139,176;139,177;139,179;139,180;139,190;139,193;139,198;139,199;
140,0;140,4;140,6;140,7;140,11;140,12;140,13;140,14;140,15;140,19;140,21;140,23;140,25;140,30;140,32;140,35;140,38;140,41;140,42;140,44;140,50;140,53;140,56;140,58;140,59;140,60;140,67;140,68;140,70;140,76;140,79;140,80;140,81;140,82;140,89;140,90;140,99;140,101;140,102;140,104;140,113;140,114;140,118;140,119;140,121;140,126;140,128;140,129;140,135;140,136;140,139;140,146;140,147;140,155;140,159;140,161;140,162;140,166;140,170;140,173;140,175;140,176;140,178;140,179;140,183;140,186;140,187;140,188;140,191;140,193;140,195;140,196;
141,1;141,5;141,6;141,9;141,24;141,25;141,28;141,30;141,32;141,34;141,35;141,40;141,41;141,42;141,46;141,49;141,53;141,54;141,56;141,61;141,66;141,74;141,77;141,78;141,79;141,81;141,82;141,84;141,85;141,89;141,90;141,91;141,99;141,102;141,104;141,105;141,106;141,109;141,110;141,111;141,113;141,121;141,122;141,124;141,127;141,129;141,134;141,135;141,140;141,141;141,148;141,160;141,162;141,164;141,166;141,169;141,171;141,172;141,173;141,175;141,176;141,180;141,182;141,183;141,184;141,191;141,193;141,195;141,196;141,197;141,198;
142,1;142,2;142,3;142,8;142,9;142,10;142,11;142,12;142,13;142,16;142,21;142,24;142,26;142,28;142,30;142,31;142,34;142,38;142,39;142,40;142,41;142,42;142,45;142,48;142,49;142,53;142,54;142,56;142,57;142,58;142,59;142,61;142,62;142,66;142,67;142,78;142,79;142,80;142,81;142,91;142,92;142,99;142,103;142,104;142,112;142,118;142,119;142,124;142,127;142,128;142,130;142,135;142,136;142,140;142,141;142,147;142,155;142,160;142,162;142,167;142,173;142,176;142,178;142,180;142,183;142,184;142,185;142,192;142,193;142,198;
143,5;143,6;143,7;143,8;143,11;143,16;143,17;143,18;143,19;143,21;143,22;143,24;143,26;143,28;143,30;143,33;143,34;143,38;143,41;143,45;143,50;143,51;143,52;143,54;143,57;143,58;143,64;143,65;143,72;143,82;143,84;143,85;143,87;143,88;143,89;143,92;143,96;143,100;143,106;143,110;143,114;143,115;143,117;143,120;143,122;143,124;143,125;143,128;143,130;143,132;143,134;143,140;143,147;143,148;143,149;143,150;143,154;143,163;143,166;143,167;143,173;143,183;143,184;143,185;143,186;143,187;143,188;143,191;143,192;143,193;143,194;
144,1;144,4;144,9;144,13;144,17;144,18;144,19;144,20;144,26;144,32;144,36;144,46;144,50;144,55;144,59;144,60;144,63;144,65;144,70;144,72;144,79;144,84;144,85;144,87;144,88;144,102;144,103;144,104;144,111;144,113;144,120;144,136;144,142;144,147;144,148;144,149;144,150;144,154;144,155;144,161;144,163;144,165;144,169;144,170;144,172;144,177;144,180;144,181;144,187;144,188;144,189;144,191;144,192;144,193;144,199;
145,1;145,5;145,7;145,8;145,26;145,28;145,32;145,35;145,36;145,38;145,45;145,46;145,50;145,55;145,59;145,60;145,61;145,64;145,65;145,72;145,73;145,75;145,79;145,87;145,100;145,101;145,102;145,103;145,110;145,111;145,116;145,126;145,128;145,129;145,133;145,134;145,136;145,142;145,143;145,146;145,151;145,153;145,156;145,157;145,159;145,160;145,163;145,170;145,175;145,178;145,189;145,193;145,194;145,195;145,197;145,199;
146,1;146,13;146,14;146,16;146,17;146,18;146,20;146,27;146,28;146,29;146,30;146,36;146,38;146,45;146,49;146,50;146,52;146,53;146,54;146,55;146,56;146,57;146,58;146,59;146,60;146,62;146,66;146,69;146,72;146,73;146,75;146,76;146,78;146,81;146,86;146,93;146,100;146,101;146,108;146,112;146,113;146,126;146,127;146,129;146,131;146,139;146,140;146,143;146,148;146,149;146,153;146,154;146,158;146,161;146,162;146,163;146,168;146,169;146,175;146,176;146,199;
147,0;147,2;147,8;147,15;147,16;147,18;147,19;147,20;147,26;147,27;147,28;147,37;147,44;147,55;147,56;147,59;147,61;147,64;147,65;147,66;147,69;147,70;147,73;147,74;147,76;147,77;147,78;147,79;147,99;147,108;147,115;147,117;147,126;147,133;147,134;147,135;147,136;147,140;147,144;147,151;147,153;147,154;147,160;147,161;147,163;147,181;147,182;147,189;147,196;147,197;147,199;
148,2;148,4;148,8;148,9;148,10;148,14;148,17;148,20;148,21;148,22;148,23;148,26;148,27;148,28;148,29;148,30;148,31;148,34;148,36;148,37;148,38;148,44;148,47;148,49;148,50;148,51;148,59;148,64;148,65;148,66;148,67;148,68;148,71;148,72;148,78;148,80;148,82;148,95;148,99;148,101;148,106;148,109;148,113;148,115;148,116;148,118;148,122;148,123;148,124;148,127;148,130;148,136;148,140;148,149;148,151;148,152;148,153;148,164;148,167;148,173;148,176;148,178;148,183;148,185;148,193;148,194;148,198;148,199;
149,3;149,4;149,10;149,18;149,19;149,25;149,26;149,27;149,28;149,29;149,33;149,35;149,37;149,39;149,43;149,52;149,56;149,57;149,58;149,59;149,60;149,61;149,62;149,64;149,65;149,66;149,67;149,68;149,69;149,72;149,75;149,76;149,78;149,84;149,89;149,91;149,97;149,100;149,107;149,108;149,109;149,114;149,115;149,118;149,120;149,121;149,127;149,134;149,138;149,139;149,140;149,142;149,144;149,147;149,149;149,153;149,154;149,158;149,160;149,161;149,163;149,166;149,170;149,174;149,177;149,178;149,183;149,185;149,186;149,187;149,188;149,189;149,190;149,191;149,193;149,199;
150,3;150,6;150,7;150,11;150,13;150,14;150,16;150,23;150,27;150,28;150,29;150,32;150,35;150,37;150,39;150,40;150,41;150,44;150,49;150,50;150,52;150,53;150,61;150,62;150,66;150,67;150,69;150,71;150,72;150,83;150,84;150,85;150,89;150,91;150,93;150,95;150,96;150,97;150,106;150,107;150,108;150,110;150,112;150,113;150,115;150,117;150,122;150,124;150,126;150,130;150,137;150,138;150,139;150,140;150,142;150,147;150,149;150,151;150,152;150,153;150,154;150,155;150,156;150,157;150,158;150,159;150,160;150,162;150,163;150,165;150,166;150,175;150,177;150,178;150,179;150,187;150,188;150,194;150,198;
151,3;151,4;151,6;151,8;151,13;151,14;151,16;151,17;151,19;151,27;151,28;151,32;151,34;151,36;151,37;151,40;151,44;151,47;151,48;151,50;151,55;151,69;151,73;151,76;151,78;151,79;151,86;151,89;151,91;151,93;151,95;151,97;151,99;151,100;151,106;151,107;151,108;151,109;151,110;151,112;151,113;151,114;151,115;151,116;151,117;151,119;151,120;151,125;151,127;151,131;151,133;151,140;151,142;151,143;151,144;151,145;151,146;151,148;151,149;151,153;151,161;151,165;151,166;151,169;151,170;151,175;151,177;151,178;151,180;151,182;151,185;151,188;151,189;151,190;151,193;151,194;
152,0;152,2;152,4;152,6;152,9;152,12;152,13;152,14;152,15;152,17;152,19;152,23;152,27;152,28;152,31;152,32;152,34;152,42;152,43;152,45;152,48;152,50;152,51;152,53;152,57;152,63;152,70;152,78;152,79;152,85;152,87;152,88;152,89;152,91;152,92;152,94;152,97;152,109;152,110;152,112;152,113;152,115;152,116;152,117;152,119;152,120;152,123;152,136;152,137;152,138;152,140;152,142;152,145;152,149;152,151;152,152;152,157;152,158;152,161;152,163;152,164;152,166;152,167;152,168;152,170;152,171;152,173;152,174;152,175;152,178;152,180;152,186;152,188;152,189;152,191;152,192;152,193;152,194;152,198;
153,0;153,2;153,5;153,6;153,9;153,10;153,11;153,14;153,15;153,16;153,17;153,19;153,22;153,23;153,24;153,25;153,28;153,31;153,32;153,33;153,38;153,44;153,48;153,49;153,51;153,57;153,58;153,59;153,60;153,66;153,67;153,68;153,69;153,70;153,73;153,74;153,75;153,76;153,77;153,78;153,80;153,81;153,82;153,85;153,89;153,90;153,91;153,92;153,93;153,95;153,98;153,100;153,105;153,106;153,107;153,108;153,128;153,139;153,140;153,142;153,143;153,152;153,157;153,158;153,162;153,170;153,172;153,173;153,174;153,175;153,180;153,181;153,182;153,185;153,186;153,196;153,198;
154,0;154,2;154,11;154,12;154,13;154,15;154,16;154,18;154,25;154,29;154,32;154,33;154,34;154,41;154,42;154,46;154,48;154,51;154,63;154,66;154,68;154,71;154,73;154,79;154,80;154,82;154,84;154,90;154,91;154,93;154,94;154,96;154,109;154,118;154,124;154,131;154,132;154,136;154,137;154,138;154,140;154,151;154,157;154,158;154,163;154,166;154,169;154,170;154,171;154,172;154,176;154,177;154,180;154,186;154,187;154,189;154,193;154,195;154,196;
155,2;155,3;155,5;155,6;155,11;155,12;155,13;155,17;155,18;155,19;155,24;155,28;155,29;155,32;155,33;155,34;155,37;155,38;155,40;155,41;155,57;155,62;155,63;155,65;155,70;155,74;155,75;155,76;155,77;155,78;155,79;155,80;155,82;155,84;155,85;155,95;155,97;155,104;155,105;155,106;155,107;155,110;155,111;155,112;155,114;155,115;155,117;155,118;155,121;155,123;155,128;155,130;155,131;155,132;155,140;155,142;155,145;155,146;155,148;155,149;155,151;155,156;155,157;155,158;155,163;155,164;155,168;155,170;155,171;155,174;155,176;155,178;155,181;155,184;155,196;
156,2;156,3;156,7;156,16;156,20;156,29;156,32;156,33;156,36;156,40;156,42;156,44;156,47;156,49;156,56;156,64;156,67;156,70;156,71;156,73;156,74;156,75;156,79;156,80;156,84;156,93;156,97;156,108;156,111;156,112;156,115;156,116;156,117;156,118;156,120;156,123;156,124;156,126;156,130;156,132;156,135;156,139;156,142;156,147;156,148;156,149;156,150;156,157;156,165;156,166;156,167;156,170;156,171;156,176;156,177;156,184;156,187;156,188;156,192;156,199;
157,6;157,8;157,15;157,16;157,17;157,21;157,28;157,29;157,31;157,32;157,39;157,40;157,41;157,42;157,44;157,45;157,53;157,55;157,58;157,63;157,64;157,69;157,72;157,74;157,81;157,84;157,92;157,98;157,99;157,101;157,108;157,112;157,113;157,116;157,119;157,124;157,129;157,132;157,141;157,142;157,154;157,155;157,157;157,158;157,160;157,167;157,170;157,175;157,179;157,180;157,182;157,184;157,185;157,186;157,189;157,198;
158,0;158,1;158,2;158,4;158,5;158,6;158,8;158,14;158,15;158,16;158,17;158,21;158,24;158,27;158,29;158,35;158,39;158,40;158,41;158,47;158,48;158,51;158,53;158,54;158,57;158,58;158,60;158,61;158,63;158,66;158,67;158,72;158,75;158,81;158,83;158,84;158,85;158,90;158,91;158,92;158,94;158,95;158,97;158,100;158,112;158,113;158,117;158,119;158,120;158,123;158,124;158,129;158,134;158,137;158,142;158,143;158,150;158,153;158,158;158,164;158,169;158,170;158,177;158,178;158,182;158,183;158,184;158,187;158,188;158,189;158,190;158,191;158,192;158,193;158,195;
159,3;159,4;159,13;159,14;159,16;159,17;159,22;159,23;159,24;159,37;159,42;159,47;159,48;159,50;159,51;159,54;159,57;159,65;159,72;159,75;159,91;159,92;159,96;159,97;159,99;159,100;159,102;159,109;159,113;159,118;159,120;159,122;159,123;159,125;159,128;159,131;159,132;159,138;159,143;159,145;159,151;159,153;159,161;159,162;159,168;159,171;159,174;159,175;159,179;159,183;159,188;159,190;159,195;159,199;
160,9;160,12;160,18;160,23;160,26;160,27;160,28;160,37;160,39;160,40;160,43;160,47;160,50;160,54;160,55;160,68;160,80;160,81;160,85;160,86;160,89;160,94;160,99;160,102;160,104;160,114;160,120;160,122;160,126;160,127;160,133;160,134;160,135;160,136;160,137;160,140;160,142;160,143;160,156;160,160;160,164;160,172;160,173;160,174;160,175;160,176;160,178;160,179;160,182;160,188;160,190;160,193;160,194;160,199;
161,3;161,4;161,6;161,7;161,12;161,14;161,23;161,25;161,27;161,32;161,35;161,40;161,45;161,47;161,53;161,60;161,68;161,73;161,74;161,77;161,79;161,95;161,96;161,97;161,98;161,99;161,103;161,105;161,107;161,109;161,110;161,114;161,115;161,120;161,121;161,123;161,124;161,125;161,126;161,133;161,134;161,135;161,136;161,150;161,151;161,154;161,163;161,164;161,170;161,171;161,175;161,180;161,182;161,185;161,186;161,188;161,190;161,192;161,193;161,199;
162,0;162,1;162,4;162,10;162,23;162,25;162,27;162,32;162,33;162,35;162,42;162,44;162,45;162,47;162,51;162,52;162,53;162,55;162,62;162,63;162,68;162,70;162,71;162,77;162,78;162,82;162,83;162,85;162,86;162,87;162,93;162,95;162,96;162,97;162,100;162,101;162,105;162,107;162,110;162,114;162,115;162,119;162,122;162,123;162,126;162,130;162,136;162,138;162,140;162,141;162,142;162,148;162,150;162,151;162,161;162,163;162,164;162,165;162,171;162,174;162,175;162,176;162,180;162,186;162,188;162,192;162,197;162,199;
163,0;163,1;163,2;163,4;163,5;163,6;163,7;163,8;163,16;163,19;163,20;163,24;163,25;163,26;163,28;163,29;163,34;163,43;163,45;163,51;163,52;163,53;163,58;163,61;163,68;163,70;163,73;163,74;163,77;163,78;163,83;163,85;163,90;163,93;163,106;163,108;163,109;163,118;163,119;163,121;163,125;163,126;163,129;163,130;163,131;163,132;163,133;163,134;163,136;163,138;163,142;163,151;163,160;163,170;163,171;163,173;163,175;163,181;163,190;163,195;163,197;163,199;
164,1;164,2;164,3;164,4;164,7;164,9;164,10;164,12;164,13;164,16;164,17;164,21;164,22;164,28;164,30;164,31;164,34;164,41;164,44;164,45;164,47;164,52;164,54;164,55;164,68;164,69;164,72;164,73;164,83;164,85;164,92;164,100;164,110;164,113;164,114;164,118;164,127;164,130;164,136;164,138;164,139;164,146;164,148;164,149;164,150;164,151;164,160;164,170;164,171;164,172;164,173;164,187;164,194;164,199;
165,1;165,2;165,6;165,7;165,8;165,9;165,11;165,13;165,17;165,19;165,20;165,23;165,27;165,36;165,39;165,42;165,47;165,50;165,57;165,58;165,59;165,60;165,61;165,63;165,71;165,72;165,73;165,78;165,89;165,90;165,100;165,109;165,117;165,118;165,125;165,127;165,128;165,129;165,131;165,133;165,134;165,136;165,140;165,142;165,157;165,161;165,162;165,163;165,164;165,165;165,171;165,174;165,175;165,179;165,185;165,186;165,191;165,194;
166,0;166,4;166,5;166,6;166,7;166,8;166,11;166,12;166,13;166,14;166,15;166,16;166,17;166,23;166,28;166,32;166,37;166,41;166,42;166,45;166,48;166,53;166,54;166,57;166,68;166,76;166,77;166,78;166,79;166,80;166,82;166,89;166,90;166,95;166,100;166,110;166,117;166,130;166,140;166,141;166,142;166,148;166,149;166,151;166,155;166,157;166,160;166,163;166,165;166,170;166,171;166,173;166,174;166,175;166,179;166,188;166,189;166,190;166,191;166,192;166,193;166,196;
167,0;167,4;167,8;167,10;167,13;167,14;167,15;167,16;167,17;167,18;167,19;167,31;167,38;167,40;167,44;167,47;167,48;167,54;167,55;167,57;167,58;167,60;167,68;167,69;167,70;167,71;167,80;167,81;167,90;167,96;167,98;167,99;167,100;167,102;167,110;167,113;167,114;167,118;167,124;167,125;167,128;167,129;167,130;167,133;167,142;167,143;167,144;167,145;167,146;167,148;167,149;167,151;167,152;167,154;167,161;167,164;167,165;167,166;167,167;167,175;167,182;167,185;167,186;167,187;167,194;167,195;167,196;
168,0;168,3;168,8;168,11;168,14;168,16;168,23;168,24;168,26;168,29;168,30;168,31;168,33;168,34;168,35;168,36;168,37;168,40;168,45;168,46;168,48;168,50;168,52;168,55;168,58;168,81;168,83;168,85;168,87;168,99;168,103;168,104;168,113;168,122;168,129;168,133;168,138;168,141;168,145;168,152;168,153;168,157;168,159;168,160;168,163;168,164;168,165;168,166;168,169;168,176;168,181;168,183;168,185;168,186;168,188;168,189;168,190;168,195;
169,2;169,3;169,7;169,16;169,17;169,19;169,20;169,21;169,23;169,26;169,35;169,36;169,38;169,45;169,46;169,47;169,49;169,54;169,55;169,57;169,59;169,61;169,68;169,70;169,71;169,73;169,74;169,82;169,84;169,88;169,90;169,97;169,99;169,101;169,103;169,113;169,117;169,126;169,128;169,133;169,140;169,141;169,142;169,143;169,144;169,148;169,149;169,150;169,159;169,160;169,166;169,168;169,176;169,182;169,183;169,188;169,199;
170,3;170,4;170,6;170,7;170,9;170,10;170,16;170,17;170,20;170,24;170,25;170,30;170,32;170,35;170,36;170,38;170,44;170,47;170,49;170,53;170,59;170,60;170,71;170,81;170,86;170,90;170,95;170,97;170,103;170,105;170,106;170,112;170,113;170,115;170,116;170,117;170,120;170,125;170,128;170,134;170,136;170,139;170,140;170,141;170,143;170,144;170,148;170,149;170,150;170,152;170,154;170,156;170,158;170,160;170,173;170,175;170,182;170,183;170,184;170,185;170,190;170,192;170,195;
171,2;171,4;171,7;171,11;171,17;171,19;171,27;171,29;171,30;171,44;171,45;171,48;171,51;171,52;171,69;171,71;171,75;171,76;171,80;171,81;171,92;171,93;171,96;171,97;171,98;171,99;171,105;171,106;171,108;171,109;171,111;171,114;171,115;171,124;171,126;171,127;171,128;171,135;171,136;171,138;171,139;171,141;171,148;171,151;171,162;171,190;171,194;171,195;171,197;171,198;
172,1;172,4;172,10;172,15;172,16;172,17;172,19;172,20;172,23;172,24;172,28;172,35;172,36;172,41;172,45;172,47;172,49;172,50;172,51;172,54;172,55;172,56;172,59;172,69;172,73;172,80;172,84;172,86;172,90;172,91;172,98;172,100;172,101;172,104;172,108;172,112;172,113;172,117;172,122;172,124;172,126;172,128;172,129;172,135;172,139;172,142;172,143;172,150;172,151;172,154;172,162;172,164;172,165;172,166;172,167;172,172;172,183;172,188;172,189;172,191;172,193;172,194;172,196;172,197;
173,1;173,3;173,4;173,9;173,15;173,16;173,17;173,18;173,19;173,22;173,26;173,27;173,30;173,31;173,46;173,48;173,51;173,54;173,55;173,56;173,60;173,62;173,63;173,65;173,67;173,69;173,70;173,76;173,77;173,82;173,92;173,100;173,103;173,107;173,117;173,122;173,125;173,126;173,129;173,134;173,137;173,145;173,152;173,153;173,154;173,158;173,162;173,164;173,165;173,167;173,168;173,170;173,172;173,173;173,182;173,183;173,186;173,190;173,193;
174,0;174,1;174,5;174,6;174,11;174,12;174,13;174,18;174,19;174,23;174,24;174,31;174,33;174,39;174,40;174,46;174,48;174,50;174,51;174,52;174,54;174,57;174,59;174,61;174,63;174,66;174,68;174,73;174,81;174,89;174,90;174,91;174,92;174,94;174,95;174,97;174,98;174,100;174,105;174,106;174,108;174,113;174,118;174,126;174,128;174,129;174,133;174,135;174,136;174,137;174,138;174,139;174,142;174,152;174,153;174,156;174,157;174,159;174,162;174,163;174,164;174,168;174,169;174,170;174,171;174,179;174,180;174,181;174,182;174,183;174,192;174,193;174,194;174,195;174,196;174,197;174,198;174,199;
175,0;175,4;175,6;175,7;175,12;175,17;175,19;175,29;175,30;175,37;175,38;175,39;175,41;175,42;175,54;175,55;175,56;175,57;175,58;175,61;175,62;175,72;175,80;175,81;175,83;175,85;175,90;175,104;175,105;175,107;175,113;175,119;175,120;175,126;175,127;175,128;175,145;175,152;175,156;175,157;175,159;175,164;175,169;175,170;175,171;175,172;175,173;175,174;175,177;175,178;175,179;175,180;175,184;175,186;175,187;175,192;175,199;
176,0;176,2;176,9;176,10;176,15;176,18;176,20;176,21;176,24;176,25;176,29;176,35;176,38;176,41;176,43;176,44;176,47;176,55;176,59;176,60;176,68;176,69;176,70;176,72;176,75;176,83;176,88;176,95;176,108;176,113;176,115;176,120;176,127;176,132;176,134;176,135;176,136;176,137;176,138;176,139;176,140;176,142;176,143;176,144;176,145;176,149;176,153;176,154;176,156;176,159;176,161;176,162;176,164;176,165;176,166;176,167;176,174;176,176;176,177;176,180;176,181;176,184;176,187;176,190;176,191;176,195;
177,0;177,16;177,20;177,21;177,33;177,42;177,44;177,47;177,56;177,59;177,65;177,66;177,72;177,73;177,74;177,75;177,80;177,81;177,82;177,83;177,84;177,85;177,86;177,88;177,89;177,92;177,104;177,109;177,111;177,117;177,120;177,121;177,122;177,124;177,125;177,127;177,131;177,132;177,136;177,140;177,142;177,146;177,148;177,149;177,154;177,156;177,160;177,161;177,162;177,164;177,165;177,169;177,171;177,172;177,173;177,177;177,178;177,179;177,183;177,184;177,187;177,189;177,191;177,195;177,197;177,199;
178,9;178,15;178,16;178,20;178,22;178,23;178,24;178,25;178,26;178,27;178,28;178,31;178,32;178,34;178,38;178,47;178,56;178,57;178,59;178,61;178,62;178,73;178,78;178,79;178,80;178,81;178,82;178,86;178,87;178,88;178,89;178,92;178,95;178,99;178,100;178,101;178,104;178,105;178,112;178,113;178,118;178,119;178,125;178,129;178,130;178,136;178,138;178,141;178,144;178,147;178,152;178,153;178,156;178,158;178,163;178,167;178,168;178,169;178,172;178,174;178,175;178,176;178,178;178,181;178,184;178,189;178,191;178,193;178,195;178,197;178,199;
179,6;179,10;179,12;179,14;179,16;179,17;179,20;179,21;179,22;179,23;179,24;179,25;179,29;179,34;179,37;179,39;179,40;179,45;179,46;179,47;179,52;179,53;179,59;179,60;179,61;179,63;179,72;179,77;179,83;179,84;179,89;179,90;179,93;179,95;179,98;179,101;179,102;179,106;179,108;179,125;179,129;179,131;179,132;179,133;179,134;179,135;179,140;179,141;179,143;179,147;179,149;179,150;179,151;179,156;179,163;179,164;179,165;179,167;179,168;179,169;179,170;179,172;179,176;179,177;179,178;179,185;179,186;179,187;179,189;179,195;179,197;179,199;
180,0;180,3;180,7;180,10;180,12;180,14;180,18;180,21;180,29;180,33;180,34;180,37;180,41;180,43;180,45;180,46;180,47;180,50;180,51;180,54;180,55;180,66;180,68;180,77;180,79;180,81;180,86;180,87;180,88;180,89;180,91;180,93;180,95;180,96;180,100;180,101;180,108;180,109;180,111;180,112;180,117;180,125;180,128;180,129;180,131;180,133;180,142;180,143;180,144;180,152;180,156;180,157;180,161;180,164;180,166;180,170;180,174;180,175;180,177;180,182;180,183;180,192;180,195;180,196;
181,0;181,1;181,2;181,3;181,6;181,7;181,10;181,12;181,14;181,22;181,24;181,25;181,31;181,36;181,37;181,43;181,44;181,45;181,47;181,48;181,51;181,55;181,60;181,62;181,64;181,65;181,68;181,69;181,71;181,73;181,79;181,84;181,101;181,103;181,106;181,113;181,119;181,124;181,127;181,136;181,151;181,153;181,155;181,157;181,158;181,159;181,164;181,169;181,170;181,176;181,182;181,184;181,185;181,186;181,188;181,190;181,195;181,196;181,197;
182,0;182,8;182,10;182,12;182,14;182,18;182,23;182,25;182,26;182,28;182,38;182,42;182,44;182,47;182,50;182,51;182,52;182,53;182,54;182,56;182,57;182,60;182,68;182,71;182,75;182,87;182,88;182,100;182,101;182,102;182,103;182,104;182,105;182,109;182,112;182,113;182,114;182,117;182,119;182,122;182,127;182,133;182,134;182,136;182,145;182,151;182,152;182,157;182,160;182,163;182,164;182,165;182,166;182,168;182,174;182,175;182,176;182,177;182,180;182,181;182,190;182,191;182,198;
183,1;183,7;183,9;183,11;183,12;183,14;183,16;183,17;183,21;183,22;183,24;183,25;183,32;183,38;183,40;183,42;183,47;183,48;183,52;183,53;183,54;183,63;183,66;183,67;183,71;183,85;183,87;183,89;183,91;183,92;183,93;183,100;183,101;183,102;183,104;183,106;183,107;183,108;183,112;183,117;183,120;183,122;183,124;183,126;183,127;183,129;183,133;183,134;183,138;183,140;183,141;183,148;183,153;183,154;183,156;183,159;183,160;183,161;183,164;183,167;183,171;183,172;183,173;183,174;183,178;183,180;183,181;183,184;183,191;183,192;183,196;183,197;183,198;183,199;
184,0;184,5;184,7;184,9;184,14;184,23;184,26;184,27;184,28;184,37;184,38;184,47;184,48;184,50;184,52;184,62;184,63;184,69;184,72;184,73;184,75;184,77;184,88;184,90;184,91;184,92;184,93;184,94;184,105;184,108;184,110;184,112;184,113;184,121;184,122;184,123;184,124;184,128;184,129;184,130;184,132;184,137;184,138;184,139;184,141;184,142;184,146;184,148;184,149;184,154;184,155;184,159;184,160;184,161;184,164;184,175;184,176;184,177;184,179;184,181;184,184;184,188;184,199;
185,2;185,3;185,10;185,11;185,12;185,15;185,24;185,28;185,29;185,31;185,33;185,34;185,36;185,37;185,38;185,47;185,48;185,50;185,55;185,57;185,60;185,63;185,69;185,70;185,72;185,73;185,75;185,76;185,81;185,82;185,83;185,85;185,86;185,87;185,94;185,98;185,99;185,100;185,104;185,108;185,110;185,111;185,113;185,122;185,127;185,128;185,129;185,130;185,132;185,135;185,138;185,148;185,150;185,153;185,154;185,155;185,161;185,175;185,188;185,193;185,195;185,197;185,199;
186,6;186,15;186,21;186,25;186,26;186,27;186,31;186,33;186,39;186,47;186,48;186,50;186,51;186,62;186,65;186,66;186,71;186,72;186,73;186,74;186,78;186,81;186,82;186,83;186,90;186,91;186,93;186,95;186,96;186,100;186,107;186,108;186,109;186,112;186,113;186,114;186,118;186,121;186,122;186,124;186,125;186,127;186,129;186,130;186,133;186,136;186,141;186,148;186,151;186,152;186,158;186,159;186,160;186,161;186,162;186,184;186,199;
187,1;187,2;187,3;187,4;187,12;187,13;187,16;187,21;187,28;187,32;187,33;187,36;187,37;187,38;187,39;187,50;187,58;187,60;187,63;187,70;187,71;187,72;187,73;187,76;187,78;187,82;187,83;187,84;187,85;187,86;187,93;187,95;187,104;187,105;187,109;187,118;187,121;187,125;187,126;187,129;187,130;187,136;187,147;187,148;187,157;187,162;187,166;187,168;187,175;187,176;187,177;187,181;187,187;187,188;187,196;187,197;187,199;
188,2;188,3;188,4;188,6;188,7;188,11;188,13;188,14;188,15;188,18;188,21;188,24;188,26;188,27;188,30;188,32;188,33;188,35;188,40;188,42;188,43;188,44;188,48;188,50;188,52;188,54;188,58;188,59;188,61;188,63;188,64;188,65;188,66;188,67;188,68;188,73;188,75;188,77;188,85;188,93;188,96;188,97;188,100;188,103;188,106;188,109;188,115;188,122;188,123;188,126;188,129;188,132;188,133;188,136;188,140;188,150;188,151;188,152;188,153;188,162;188,163;188,164;188,165;188,166;188,167;188,174;188,177;188,181;188,185;188,186;188,187;188,188;188,196;188,198;188,199;
189,1;189,2;189,3;189,5;189,7;189,8;189,11;189,12;189,15;189,16;189,19;189,22;189,23;189,24;189,28;189,33;189,37;189,38;189,44;189,49;189,53;189,54;189,56;189,58;189,59;189,63;189,64;189,66;189,67;189,68;189,69;189,70;189,72;189,73;189,75;189,81;189,86;189,93;189,95;189,104;189,105;189,109;189,110;189,111;189,113;189,115;189,117;189,120;189,122;189,123;189,125;189,129;189,131;189,133;189,134;189,137;189,139;189,140;189,145;189,150;189,151;189,152;189,153;189,154;189,161;189,165;189,170;189,171;189,172;189,174;189,177;189,179;189,181;189,185;189,187;189,189;189,195;
190,3;190,12;190,16;190,19;190,24;190,25;190,29;190,33;190,34;190,35;190,36;190,37;190,38;190,45;190,50;190,53;190,55;190,56;190,58;190,59;190,62;190,72;190,73;190,75;190,76;190,77;190,86;190,87;190,91;190,92;190,95;190,96;190,97;190,98;190,103;190,105;190,107;190,108;190,109;190,115;190,117;190,120;190,122;190,125;190,126;190,127;190,131;190,133;190,137;190,138;190,139;190,141;190,145;190,152;190,156;190,157;190,160;190,161;190,163;190,165;190,166;190,167;190,170;190,175;190,181;190,186;190,187;190,195;190,196;
191,4;191,6;191,9;191,10;191,12;191,13;191,17;191,22;191,23;191,24;191,36;191,39;191,49;191,56;191,62;191,63;191,68;191,77;191,81;191,82;191,88;191,92;191,93;191,103;191,104;191,115;191,117;191,123;191,124;191,126;191,129;191,135;191,141;191,142;191,151;191,158;191,161;191,168;191,170;191,172;191,176;191,182;191,190;191,195;
192,5;192,12;192,13;192,19;192,25;192,26;192,29;192,36;192,45;192,47;192,49;192,51;192,52;192,54;192,58;192,59;192,64;192,68;192,69;192,70;192,79;192,82;192,84;192,88;192,89;192,90;192,92;192,93;192,95;192,96;192,105;192,106;192,115;192,116;192,118;192,124;192,127;192,128;192,129;192,133;192,135;192,137;192,139;192,140;192,146;192,151;192,152;192,155;192,156;192,160;192,168;192,176;192,180;192,181;192,183;192,184;192,186;192,190;192,197;192,198;
193,7;193,9;193,12;193,13;193,17;193,18;193,19;193,20;193,21;193,22;193,23;193,25;193,26;193,29;193,36;193,37;193,43;193,47;193,49;193,51;193,52;193,53;193,58;193,64;193,69;193,71;193,72;193,79;193,80;193,83;193,84;193,94;193,96;193,102;193,104;193,105;193,111;193,112;193,116;193,117;193,119;193,120;193,125;193,126;193,128;193,129;193,130;193,131;193,132;193,133;193,146;193,150;193,153;193,171;193,174;193,175;193,176;193,178;193,182;193,183;193,184;193,190;193,191;193,197;
194,5;194,11;194,12;194,17;194,18;194,19;194,21;194,22;194,25;194,27;194,36;194,38;194,39;194,43;194,49;194,51;194,53;194,59;194,64;194,71;194,82;194,84;194,89;194,92;194,93;194,95;194,96;194,100;194,102;194,104;194,106;194,113;194,118;194,119;194,120;194,124;194,125;194,126;194,127;194,128;194,129;194,130;194,133;194,135;194,137;194,138;194,139;194,140;194,144;194,148;194,149;194,150;194,151;194,153;194,154;194,170;194,171;194,172;194,173;194,174;194,183;194,188;194,190;194,191;
195,1;195,4;195,6;195,11;195,13;195,14;195,23;195,24;195,25;195,30;195,34;195,36;195,49;195,50;195,57;195,61;195,62;195,63;195,71;195,77;195,83;195,84;195,85;195,94;195,103;195,107;195,114;195,119;195,120;195,123;195,124;195,126;195,129;195,133;195,141;195,143;195,145;195,146;195,148;195,149;195,151;195,152;195,153;195,155;195,156;195,157;195,158;195,159;195,160;195,161;195,165;195,169;195,170;195,172;195,174;195,176;195,185;195,187;195,188;195,193;195,197;195,199;
196,1;196,6;196,7;196,8;196,9;196,15;196,16;196,17;196,18;196,19;196,23;196,25;196,28;196,33;196,39;196,40;196,41;196,43;196,46;196,51;196,52;196,53;196,61;196,62;196,63;196,72;196,77;196,83;196,88;196,100;196,102;196,107;196,115;196,121;196,122;196,124;196,127;196,129;196,130;196,131;196,132;196,133;196,135;196,137;196,139;196,151;196,154;196,155;196,156;196,157;196,159;196,160;196,161;196,166;196,167;196,173;196,174;196,177;196,178;196,185;196,187;196,198;
197,1;197,3;197,4;197,5;197,6;197,7;197,8;197,9;197,10;197,14;197,15;197,22;197,23;197,26;197,28;197,32;197,34;197,35;197,36;197,39;197,40;197,41;197,43;197,47;197,50;197,52;197,53;197,60;197,68;197,70;197,71;197,75;197,76;197,77;197,79;197,80;197,82;197,83;197,88;197,94;197,95;197,100;197,102;197,106;197,107;197,108;197,111;197,115;197,116;197,121;197,127;197,128;197,135;197,139;197,140;197,141;197,149;197,150;197,152;197,165;197,169;197,170;197,174;197,175;197,176;197,177;197,184;197,190;197,197;
198,5;198,7;198,26;198,28;198,41;198,49;198,62;198,68;198,73;198,74;198,78;198,79;198,80;198,81;198,82;198,83;198,85;198,90;198,92;198,98;198,106;198,111;198,112;198,113;198,114;198,117;198,118;198,120;198,123;198,137;198,139;198,140;198,141;198,142;198,158;198,159;198,163;198,164;198,165;198,175;198,176;198,185;198,187;198,188;198,189;198,191;198,192;198,198;
199,3;199,9;199,10;199,11;199,12;199,13;199,23;199,24;199,25;199,29;199,30;199,31;199,32;199,35;199,36;199,37;199,38;199,39;199,40;199,41;199,50;199,51;199,52;199,53;199,55;199,56;199,63;199,66;199,73;199,74;199,76;199,77;199,88;199,89;199,90;199,92;199,93;199,94;199,95;199,96;199,97;199,98;199,99;199,100;199,101;199,108;199,109;199,110;199,115;199,116;199,117;199,118;199,121;199,122;199,123;199,127;199,128;199,129;199,134;199,135;199,137;199,146;199,147;199,150;199,151;199,152;199,163;199,167;199,169;199,170;199,171;199,172;199,173;199,174;199,175;199,186;199,188;199,189;199,191;199,192;199,198;
